N,P,K,temperature,humidity,ph,rainfall,region,season,water_source,water_availability,label
49,22,27,29.78,54.14,7.54,465.05,Maharashtra,Kharif,rainfed,low,bajra
49,30,22,26.69,54.81,6.99,412.15,Maharashtra,Kharif,rainfed,low,bajra
56,25,21,32.4,45.79,7.21,364.79,Maharashtra,Kharif,rainfed,low,bajra
52,23,28,29.47,58.13,7.07,381.4,Maharashtra,Kharif,rainfed,low,bajra
52,24,19,27.92,49.43,7.9,516.27,Maharashtra,Kharif,rainfed,low,bajra
48,27,18,28.65,54.17,7.32,443.54,Maharashtra,Kharif,rainfed,low,bajra
50,26,25,30.79,53.83,7.46,574.96,Maharashtra,Kharif,rainfed,low,bajra
56,31,23,27.11,51.92,7.16,560.13,Maharashtra,Kharif,rainfed,low,bajra
42,25,26,29.65,51.79,7.4,537.95,Maharashtra,Kharif,rainfed,low,bajra
60,25,22,31.8,48.01,8.0,553.41,Maharashtra,Kharif,rainfed,low,bajra
60,27,18,27.94,53.78,6.97,456.61,Maharashtra,Kharif,rainfed,low,bajra
54,24,21,30.83,54.65,7.15,516.49,Maharashtra,Kharif,rainfed,low,bajra
51,29,26,31.49,44.69,7.44,451.79,Maharashtra,Kharif,rainfed,low,bajra
44,29,28,26.49,55.48,7.5,432.82,Maharashtra,Kharif,rainfed,low,bajra
44,20,24,29.23,55.82,7.36,413.17,Maharashtra,Kharif,rainfed,low,bajra
52,24,22,27.12,55.1,7.44,507.48,Maharashtra,Kharif,rainfed,low,bajra
45,26,20,28.02,52.64,7.36,379.99,Maharashtra,Kharif,rainfed,low,bajra
43,24,28,28.28,53.09,7.35,460.43,Maharashtra,Kharif,rainfed,low,bajra
52,21,23,31.65,58.77,7.6,539.19,Maharashtra,Kharif,rainfed,low,bajra
38,22,24,33.12,51.2,7.56,497.07,Maharashtra,Kharif,rainfed,low,bajra
52,25,21,25.45,57.84,6.99,366.09,Maharashtra,Kharif,rainfed,low,bajra
53,26,28,31.17,48.67,6.89,456.41,Maharashtra,Kharif,rainfed,low,bajra
55,18,25,30.9,56.21,7.55,537.01,Maharashtra,Kharif,rainfed,low,bajra
32,30,26,31.5,47.61,6.52,579.21,Maharashtra,Kharif,rainfed,low,bajra
44,24,27,30.66,56.99,7.34,413.5,Maharashtra,Kharif,rainfed,low,bajra
55,27,19,31.63,42.14,7.68,438.01,Maharashtra,Kharif,rainfed,low,bajra
55,27,25,30.18,52.14,7.55,602.47,Maharashtra,Kharif,rainfed,low,bajra
41,15,24,28.77,50.93,6.86,525.89,Maharashtra,Kharif,rainfed,low,bajra
41,27,27,29.97,54.53,7.65,478.12,Maharashtra,Kharif,rainfed,low,bajra
48,27,27,30.83,45.37,7.17,412.85,Maharashtra,Kharif,rainfed,low,bajra
54,27,24,28.41,54.99,7.19,558.21,Maharashtra,Kharif,rainfed,low,bajra
62,28,26,32.24,53.5,7.05,435.61,Maharashtra,Kharif,rainfed,low,bajra
45,25,27,27.38,50.63,7.34,512.54,Maharashtra,Kharif,rainfed,low,bajra
50,26,21,28.13,52.25,7.46,488.49,Maharashtra,Kharif,rainfed,low,bajra
44,24,30,30.32,51.82,6.82,433.39,Maharashtra,Kharif,rainfed,low,bajra
50,26,27,30.08,50.96,7.04,594.41,Maharashtra,Kharif,rainfed,low,bajra
46,21,20,28.97,56.42,7.01,561.19,Maharashtra,Kharif,rainfed,low,bajra
50,29,22,28.39,52.88,7.45,464.56,Maharashtra,Kharif,rainfed,low,bajra
52,27,20,28.99,50.34,7.05,498.73,Maharashtra,Kharif,rainfed,low,bajra
47,18,24,27.9,54.57,7.59,348.13,Maharashtra,Kharif,rainfed,low,bajra
45,26,20,30.67,56.87,7.18,429.86,Maharashtra,Kharif,rainfed,low,bajra
35,28,32,32.19,51.69,6.79,523.86,Maharashtra,Kharif,rainfed,low,bajra
49,27,26,29.64,56.79,7.69,444.51,Maharashtra,Kharif,rainfed,low,bajra
44,17,24,27.86,54.25,7.11,461.73,Maharashtra,Kharif,rainfed,low,bajra
55,26,25,32.03,55.58,7.08,453.34,Maharashtra,Kharif,rainfed,low,bajra
55,26,21,30.84,57.74,7.74,564.99,Maharashtra,Kharif,rainfed,low,bajra
64,31,26,29.19,44.88,7.25,505.28,Maharashtra,Kharif,rainfed,low,bajra
50,19,24,30.47,48.23,7.32,500.18,Maharashtra,Kharif,rainfed,low,bajra
57,31,24,29.78,53.4,7.52,506.35,Maharashtra,Kharif,rainfed,low,bajra
60,17,26,30.23,51.52,6.31,471.44,Maharashtra,Kharif,rainfed,low,bajra
45,31,26,28.31,43.95,7.5,515.61,Maharashtra,Kharif,rainfed,low,bajra
49,27,24,31.1,56.64,6.57,393.61,Maharashtra,Kharif,rainfed,low,bajra
64,28,21,27.14,53.37,6.77,456.53,Maharashtra,Kharif,rainfed,low,bajra
50,25,29,32.25,50.5,6.78,497.68,Maharashtra,Kharif,rainfed,low,bajra
61,24,28,28.24,52.59,6.77,475.63,Maharashtra,Kharif,rainfed,low,bajra
49,27,31,28.92,44.17,7.17,492.46,Maharashtra,Kharif,rainfed,low,bajra
51,24,30,29.7,52.06,6.93,373.11,Maharashtra,Kharif,rainfed,low,bajra
52,26,21,29.43,51.9,6.99,428.72,Maharashtra,Kharif,rainfed,low,bajra
53,24,23,28.21,51.96,7.64,487.05,Maharashtra,Kharif,rainfed,low,bajra
48,26,30,30.24,53.58,7.52,465.78,Maharashtra,Kharif,rainfed,low,bajra
51,23,20,30.01,53.94,7.13,535.42,Maharashtra,Kharif,rainfed,low,bajra
45,19,23,27.19,53.91,6.94,532.44,Maharashtra,Kharif,rainfed,low,bajra
56,22,22,30.3,56.58,6.41,491.43,Maharashtra,Kharif,rainfed,low,bajra
35,23,29,34.0,51.5,6.73,445.05,Maharashtra,Kharif,rainfed,low,bajra
50,23,22,28.86,54.15,7.18,423.57,Maharashtra,Kharif,rainfed,low,bajra
46,24,22,28.44,55.18,7.15,372.71,Maharashtra,Kharif,rainfed,low,bajra
57,26,20,28.95,49.2,7.53,453.32,Maharashtra,Kharif,rainfed,low,bajra
50,24,20,31.61,55.26,6.94,486.19,Maharashtra,Kharif,rainfed,low,bajra
56,25,30,33.88,51.97,7.01,417.28,Maharashtra,Kharif,rainfed,low,bajra
35,29,24,30.81,56.99,6.8,420.7,Maharashtra,Kharif,rainfed,low,bajra
62,25,23,27.93,51.91,7.88,514.98,Maharashtra,Kharif,rainfed,low,bajra
51,30,30,30.0,64.07,7.15,539.05,Maharashtra,Kharif,rainfed,low,bajra
47,28,24,30.19,62.46,7.65,502.82,Maharashtra,Kharif,rainfed,low,bajra
45,26,22,30.83,56.09,7.18,572.04,Maharashtra,Kharif,rainfed,low,bajra
60,25,27,28.62,51.37,6.8,447.1,Maharashtra,Kharif,rainfed,low,bajra
49,19,27,31.03,52.47,6.13,460.24,Maharashtra,Kharif,rainfed,low,bajra
41,23,30,25.85,49.1,7.6,434.05,Maharashtra,Kharif,rainfed,low,bajra
45,32,26,30.9,54.56,7.32,548.73,Maharashtra,Kharif,rainfed,low,bajra
63,19,25,29.44,50.71,7.66,489.99,Maharashtra,Kharif,rainfed,low,bajra
63,29,30,27.7,49.14,6.95,552.18,Maharashtra,Kharif,rainfed,low,bajra
44,22,21,33.63,51.91,7.47,408.46,Maharashtra,Kharif,rainfed,low,bajra
56,19,22,28.4,53.41,6.92,563.9,Maharashtra,Kharif,rainfed,low,bajra
53,23,28,28.91,50.04,7.62,331.92,Maharashtra,Kharif,rainfed,low,bajra
55,23,23,32.44,50.29,7.65,491.29,Maharashtra,Kharif,rainfed,low,bajra
53,24,24,31.79,56.38,7.04,413.99,Maharashtra,Kharif,rainfed,low,bajra
46,28,29,30.33,45.76,7.56,551.04,Maharashtra,Kharif,rainfed,low,bajra
51,32,21,30.53,48.25,7.69,510.75,Maharashtra,Kharif,rainfed,low,bajra
62,27,24,28.76,51.46,7.04,553.58,Maharashtra,Kharif,rainfed,low,bajra
59,20,25,29.59,49.24,7.43,560.22,Maharashtra,Kharif,rainfed,low,bajra
56,29,23,29.55,49.31,7.35,494.22,Maharashtra,Kharif,rainfed,low,bajra
56,29,27,28.21,46.87,7.47,562.53,Maharashtra,Kharif,rainfed,low,bajra
50,20,32,30.23,53.21,6.76,475.95,Maharashtra,Kharif,rainfed,low,bajra
55,27,23,29.41,49.93,7.94,527.2,Maharashtra,Kharif,rainfed,low,bajra
47,21,26,28.76,50.76,6.78,416.0,Maharashtra,Kharif,rainfed,low,bajra
51,24,33,30.39,47.7,6.61,498.23,Maharashtra,Kharif,rainfed,low,bajra
47,29,26,26.53,48.25,6.97,500.79,Maharashtra,Kharif,rainfed,low,bajra
43,26,21,29.51,54.04,7.86,489.33,Maharashtra,Kharif,rainfed,low,bajra
45,30,24,30.66,49.95,7.29,428.26,Maharashtra,Kharif,rainfed,low,bajra
52,28,23,28.67,53.99,6.91,386.45,Maharashtra,Kharif,rainfed,low,bajra
52,25,25,30.28,55.25,7.18,409.51,Maharashtra,Kharif,rainfed,low,bajra
46,27,25,28.68,49.23,7.51,462.07,Maharashtra,Kharif,rainfed,low,bajra
55,28,24,30.92,53.08,7.36,347.32,Maharashtra,Kharif,rainfed,low,bajra
44,22,24,29.67,53.15,7.37,435.04,Maharashtra,Kharif,rainfed,low,bajra
55,31,24,28.5,49.64,7.29,444.33,Maharashtra,Kharif,rainfed,low,bajra
38,20,28,31.42,59.17,7.34,417.2,Maharashtra,Kharif,rainfed,low,bajra
47,20,20,29.88,54.75,8.07,470.15,Maharashtra,Kharif,rainfed,low,bajra
41,25,24,28.76,53.93,6.74,482.63,Maharashtra,Kharif,rainfed,low,bajra
54,30,26,31.06,50.65,7.12,553.62,Maharashtra,Kharif,rainfed,low,bajra
41,24,29,29.18,51.31,7.14,481.83,Maharashtra,Kharif,rainfed,low,bajra
57,28,25,31.14,53.92,7.61,415.01,Maharashtra,Kharif,rainfed,low,bajra
62,26,16,31.99,52.52,7.09,439.67,Maharashtra,Kharif,rainfed,low,bajra
53,22,23,28.67,51.28,7.04,524.75,Maharashtra,Kharif,rainfed,low,bajra
52,26,27,29.36,48.25,8.0,529.11,Maharashtra,Kharif,rainfed,low,bajra
61,28,23,25.98,47.38,7.52,469.06,Maharashtra,Kharif,rainfed,low,bajra
47,17,25,27.88,49.48,7.6,414.97,Maharashtra,Kharif,rainfed,low,bajra
44,26,28,28.9,58.61,6.72,390.18,Maharashtra,Kharif,rainfed,low,bajra
40,19,26,28.03,46.62,7.41,523.06,Maharashtra,Kharif,rainfed,low,bajra
57,28,22,29.91,54.57,7.05,484.61,Maharashtra,Kharif,rainfed,low,bajra
42,23,26,31.76,57.3,7.53,479.65,Maharashtra,Kharif,rainfed,low,bajra
49,20,22,28.3,54.89,7.64,517.97,Maharashtra,Kharif,rainfed,low,bajra
58,25,22,29.43,49.48,7.52,454.05,Maharashtra,Kharif,rainfed,low,bajra
49,27,23,30.95,46.89,7.38,469.7,Maharashtra,Kharif,rainfed,low,bajra
56,20,20,30.63,50.87,7.21,436.51,Maharashtra,Kharif,rainfed,low,bajra
56,26,26,27.75,54.59,6.84,436.58,Maharashtra,Kharif,rainfed,low,bajra
41,24,29,29.84,50.66,7.3,481.04,Maharashtra,Kharif,rainfed,low,bajra
50,26,22,29.66,45.19,7.49,410.67,Maharashtra,Kharif,rainfed,low,bajra
58,17,31,27.04,47.5,7.37,511.09,Maharashtra,Kharif,rainfed,low,bajra
48,28,22,28.9,51.24,7.03,362.17,Maharashtra,Kharif,rainfed,low,bajra
50,25,29,27.57,49.84,7.75,492.11,Maharashtra,Kharif,rainfed,low,bajra
54,27,27,32.23,52.88,6.83,512.26,Maharashtra,Kharif,rainfed,low,bajra
46,25,26,28.27,50.37,7.45,443.0,Maharashtra,Kharif,rainfed,low,bajra
56,22,22,32.36,46.12,7.24,583.0,Maharashtra,Kharif,rainfed,low,bajra
50,29,27,29.49,51.96,6.37,456.39,Maharashtra,Kharif,rainfed,low,bajra
52,26,33,29.92,55.13,7.74,506.53,Maharashtra,Kharif,rainfed,low,bajra
49,25,24,30.17,51.79,7.51,416.14,Maharashtra,Kharif,rainfed,low,bajra
51,30,24,32.26,53.18,7.23,481.8,Maharashtra,Kharif,rainfed,low,bajra
48,18,28,32.79,54.5,7.48,464.35,Maharashtra,Kharif,rainfed,low,bajra
58,25,26,27.15,50.29,7.4,527.92,Maharashtra,Kharif,rainfed,low,bajra
56,20,20,30.38,49.39,7.62,379.91,Maharashtra,Kharif,rainfed,low,bajra
49,25,27,27.95,44.31,7.32,505.71,Maharashtra,Kharif,rainfed,low,bajra
57,24,28,30.23,58.01,7.23,374.09,Maharashtra,Kharif,rainfed,low,bajra
50,25,27,27.2,51.2,7.61,468.93,Maharashtra,Kharif,rainfed,low,bajra
48,31,21,31.35,56.76,7.16,473.08,Maharashtra,Kharif,rainfed,low,bajra
50,26,23,28.86,51.02,7.12,456.87,Maharashtra,Kharif,rainfed,low,bajra
35,25,23,26.7,51.04,7.09,549.39,Maharashtra,Kharif,rainfed,low,bajra
46,27,30,28.56,52.3,7.97,488.36,Maharashtra,Kharif,rainfed,low,bajra
52,24,27,29.44,44.87,7.1,405.98,Maharashtra,Kharif,rainfed,low,bajra
51,22,27,29.57,47.3,7.04,511.2,Maharashtra,Kharif,rainfed,low,bajra
58,22,21,32.43,52.46,7.29,431.87,Maharashtra,Kharif,rainfed,low,bajra
51,31,26,31.1,52.62,6.82,435.14,Maharashtra,Kharif,rainfed,low,bajra
43,26,29,29.74,51.22,6.92,495.73,Maharashtra,Kharif,rainfed,low,bajra
42,21,28,29.08,51.26,7.18,517.34,Maharashtra,Kharif,rainfed,low,bajra
51,23,23,29.21,53.76,7.24,467.74,Maharashtra,Kharif,rainfed,low,bajra
50,25,22,31.16,50.49,7.3,354.81,Maharashtra,Kharif,rainfed,low,bajra
49,21,22,33.13,53.54,7.76,524.89,Maharashtra,Kharif,rainfed,low,bajra
57,24,30,30.77,52.67,7.36,467.02,Maharashtra,Kharif,rainfed,low,bajra
50,25,26,32.11,47.48,7.73,453.52,Maharashtra,Kharif,rainfed,low,bajra
58,24,26,29.26,45.29,7.97,420.01,Maharashtra,Kharif,rainfed,low,bajra
51,21,21,29.19,50.03,6.76,472.93,Maharashtra,Kharif,rainfed,low,bajra
40,25,25,25.78,50.32,7.45,412.96,Maharashtra,Kharif,rainfed,low,bajra
53,26,22,29.48,55.94,6.88,462.99,Maharashtra,Kharif,rainfed,low,bajra
58,22,27,27.88,51.83,7.44,334.74,Maharashtra,Kharif,rainfed,low,bajra
46,26,26,28.72,47.9,7.51,456.19,Maharashtra,Kharif,rainfed,low,bajra
54,26,24,31.11,50.02,7.75,552.08,Maharashtra,Kharif,rainfed,low,bajra
57,24,33,29.73,53.5,7.24,409.1,Maharashtra,Kharif,rainfed,low,bajra
59,23,28,31.24,55.01,6.96,455.1,Maharashtra,Kharif,rainfed,low,bajra
32,25,28,29.14,50.04,7.13,545.9,Maharashtra,Kharif,rainfed,low,bajra
50,31,23,29.83,50.69,8.11,485.48,Maharashtra,Kharif,rainfed,low,bajra
64,24,30,29.68,55.99,6.74,495.32,Maharashtra,Kharif,rainfed,low,bajra
43,26,20,29.36,57.07,7.48,403.02,Maharashtra,Kharif,rainfed,low,bajra
37,27,30,28.05,61.24,7.25,360.74,Maharashtra,Kharif,rainfed,low,bajra
40,28,25,31.72,47.51,7.3,475.39,Maharashtra,Kharif,rainfed,low,bajra
49,24,24,29.76,53.76,7.36,545.35,Maharashtra,Kharif,rainfed,low,bajra
42,19,28,28.08,50.92,6.99,438.05,Maharashtra,Kharif,rainfed,low,bajra
40,23,27,29.49,54.6,7.04,527.67,Maharashtra,Kharif,rainfed,low,bajra
47,18,26,30.65,50.17,7.75,425.38,Maharashtra,Kharif,rainfed,low,bajra
54,31,25,29.16,52.06,7.93,498.5,Maharashtra,Kharif,rainfed,low,bajra
64,26,23,28.62,52.76,6.4,447.29,Maharashtra,Kharif,rainfed,low,bajra
47,26,31,29.58,44.49,6.87,490.3,Maharashtra,Kharif,rainfed,low,bajra
51,30,28,30.9,51.6,7.71,422.74,Maharashtra,Kharif,rainfed,low,bajra
56,24,20,30.39,58.32,7.08,566.16,Maharashtra,Kharif,rainfed,low,bajra
39,21,25,28.94,49.72,7.31,444.17,Maharashtra,Kharif,rainfed,low,bajra
48,26,23,29.34,49.81,6.75,519.55,Maharashtra,Kharif,rainfed,low,bajra
61,29,26,28.54,51.3,7.69,341.91,Maharashtra,Kharif,rainfed,low,bajra
48,27,21,30.14,54.07,6.64,480.07,Maharashtra,Kharif,rainfed,low,bajra
46,26,27,30.1,52.8,7.37,406.4,Maharashtra,Kharif,rainfed,low,bajra
50,22,28,30.52,55.34,7.96,455.75,Maharashtra,Kharif,rainfed,low,bajra
46,24,20,27.21,55.09,6.67,412.3,Maharashtra,Kharif,rainfed,low,bajra
49,24,28,29.59,49.17,7.65,517.51,Maharashtra,Kharif,rainfed,low,bajra
41,26,23,28.39,60.29,7.3,462.31,Maharashtra,Kharif,rainfed,low,bajra
51,28,23,28.7,55.24,6.62,532.8,Maharashtra,Kharif,rainfed,low,bajra
39,24,20,27.92,57.91,7.69,542.16,Maharashtra,Kharif,rainfed,low,bajra
40,21,26,30.57,49.17,7.01,409.0,Maharashtra,Kharif,rainfed,low,bajra
61,23,25,29.63,57.11,6.85,543.15,Maharashtra,Kharif,rainfed,low,bajra
41,29,19,29.34,59.27,7.54,499.57,Maharashtra,Kharif,rainfed,low,bajra
43,23,29,30.21,56.21,7.28,458.57,Maharashtra,Kharif,rainfed,low,bajra
55,26,24,27.38,56.47,7.43,439.63,Maharashtra,Kharif,rainfed,low,bajra
58,26,26,30.83,55.29,7.37,464.0,Maharashtra,Kharif,rainfed,low,bajra
63,23,27,29.37,54.39,7.76,456.82,Maharashtra,Kharif,rainfed,low,bajra
54,26,23,31.39,55.46,7.07,539.38,Maharashtra,Kharif,rainfed,low,bajra
44,25,24,30.63,50.5,7.57,509.68,Maharashtra,Kharif,rainfed,low,bajra
47,31,23,27.39,56.07,6.35,562.02,Maharashtra,Kharif,rainfed,low,bajra
51,20,22,27.05,54.1,6.7,504.29,Maharashtra,Kharif,rainfed,low,bajra
48,23,27,30.44,57.27,6.99,473.26,Maharashtra,Kharif,rainfed,low,bajra
46,26,22,28.86,50.75,7.37,475.17,Maharashtra,Kharif,rainfed,low,bajra
53,25,23,29.79,48.68,7.49,458.35,Maharashtra,Kharif,rainfed,low,bajra
51,26,30,30.07,52.81,6.96,521.81,Maharashtra,Kharif,rainfed,low,bajra
48,20,24,29.79,49.09,7.2,470.83,Maharashtra,Kharif,rainfed,low,bajra
50,29,21,32.55,52.36,7.49,482.46,Maharashtra,Kharif,rainfed,low,bajra
38,21,23,30.99,46.73,6.89,484.62,Maharashtra,Kharif,rainfed,low,bajra
53,26,22,27.1,54.75,7.85,454.86,Maharashtra,Kharif,rainfed,low,bajra
42,24,26,29.15,58.36,7.64,485.75,Maharashtra,Kharif,rainfed,low,bajra
37,23,23,28.38,53.3,7.34,377.35,Maharashtra,Kharif,rainfed,low,bajra
55,25,26,30.62,49.3,7.77,466.73,Maharashtra,Kharif,rainfed,low,bajra
60,22,30,28.14,63.12,6.85,536.63,Maharashtra,Kharif,rainfed,low,bajra
48,27,25,27.86,40.85,8.29,479.26,Maharashtra,Kharif,rainfed,low,bajra
30,26,27,28.43,49.55,7.24,545.15,Maharashtra,Kharif,rainfed,low,bajra
51,30,29,29.16,45.96,7.16,505.71,Maharashtra,Kharif,rainfed,low,bajra
50,27,28,30.3,51.35,7.47,605.4,Maharashtra,Kharif,rainfed,low,bajra
40,27,31,27.74,56.67,7.72,388.85,Maharashtra,Kharif,rainfed,low,bajra
55,24,25,29.01,57.97,7.2,447.97,Maharashtra,Kharif,rainfed,low,bajra
47,24,21,28.79,52.99,7.42,545.24,Maharashtra,Kharif,rainfed,low,bajra
52,23,22,29.94,52.01,7.21,490.31,Maharashtra,Kharif,rainfed,low,bajra
53,26,24,28.3,49.95,7.6,450.29,Maharashtra,Kharif,rainfed,low,bajra
41,29,22,29.55,54.55,7.25,330.44,Maharashtra,Kharif,rainfed,low,bajra
53,29,28,26.31,61.36,6.7,412.09,Maharashtra,Kharif,rainfed,low,bajra
55,27,25,28.65,58.05,7.23,383.66,Maharashtra,Kharif,rainfed,low,bajra
58,26,29,30.36,62.47,7.12,475.94,Maharashtra,Kharif,rainfed,low,bajra
55,24,28,25.08,52.2,7.21,466.88,Maharashtra,Kharif,rainfed,low,bajra
44,28,23,29.8,52.35,7.46,558.47,Maharashtra,Kharif,rainfed,low,bajra
51,28,25,28.74,51.91,7.13,508.14,Maharashtra,Kharif,rainfed,low,bajra
51,22,24,27.21,51.73,7.25,580.49,Maharashtra,Kharif,rainfed,low,bajra
59,22,26,29.83,51.54,7.18,454.35,Maharashtra,Kharif,rainfed,low,bajra
62,24,26,25.71,55.93,7.74,413.63,Maharashtra,Kharif,rainfed,low,bajra
47,27,25,30.2,51.3,8.03,435.93,Maharashtra,Kharif,rainfed,low,bajra
68,29,28,27.94,56.29,7.5,351.36,Maharashtra,Kharif,rainfed,low,bajra
41,26,25,28.73,57.0,6.88,448.44,Maharashtra,Kharif,rainfed,low,bajra
46,27,19,28.75,45.32,7.12,517.18,Maharashtra,Kharif,rainfed,low,bajra
55,23,27,29.22,58.17,7.2,301.57,Maharashtra,Kharif,rainfed,low,bajra
56,23,24,30.0,46.56,7.28,506.18,Maharashtra,Kharif,rainfed,low,bajra
52,23,28,28.0,49.89,7.19,492.24,Maharashtra,Kharif,rainfed,low,bajra
48,29,26,29.61,53.58,7.56,489.05,Maharashtra,Kharif,rainfed,low,bajra
38,29,25,30.53,50.81,6.49,342.06,Maharashtra,Kharif,rainfed,low,bajra
44,27,29,29.95,48.12,6.92,554.38,Maharashtra,Kharif,rainfed,low,bajra
41,32,31,32.7,54.09,7.11,495.79,Maharashtra,Kharif,rainfed,low,bajra
56,23,21,29.07,49.28,7.77,439.04,Maharashtra,Kharif,rainfed,low,bajra
51,28,29,29.81,54.1,6.83,534.68,Maharashtra,Kharif,rainfed,low,bajra
58,19,31,28.45,54.98,7.28,471.48,Maharashtra,Kharif,rainfed,low,bajra
49,22,27,29.07,47.04,6.82,399.61,Maharashtra,Kharif,rainfed,low,bajra
47,27,23,30.96,52.0,7.13,475.98,Maharashtra,Kharif,rainfed,low,bajra
59,20,31,30.94,52.41,7.74,456.19,Maharashtra,Kharif,rainfed,low,bajra
52,23,28,28.44,52.29,7.53,536.14,Maharashtra,Kharif,rainfed,low,bajra
45,28,22,26.27,49.38,7.6,474.29,Maharashtra,Kharif,rainfed,low,bajra
46,25,25,30.43,45.78,7.21,482.25,Maharashtra,Kharif,rainfed,low,bajra
41,20,24,29.51,52.55,7.02,440.16,Maharashtra,Kharif,rainfed,low,bajra
47,26,29,26.17,55.1,7.2,505.67,Maharashtra,Kharif,rainfed,low,bajra
58,22,28,27.62,53.03,7.15,477.7,Maharashtra,Kharif,rainfed,low,bajra
43,26,30,28.04,53.29,7.61,457.69,Maharashtra,Kharif,rainfed,low,bajra
59,24,25,28.01,53.03,7.25,512.09,Maharashtra,Kharif,rainfed,low,bajra
46,23,27,31.6,55.12,8.02,507.39,Maharashtra,Kharif,rainfed,low,bajra
53,27,30,31.36,47.98,7.58,490.48,Maharashtra,Kharif,rainfed,low,bajra
49,19,20,28.95,46.4,7.11,516.67,Maharashtra,Kharif,rainfed,low,bajra
46,25,21,29.95,54.62,6.66,431.14,Maharashtra,Kharif,rainfed,low,bajra
42,27,26,29.43,51.97,7.38,495.0,Maharashtra,Kharif,rainfed,low,bajra
47,23,25,29.22,61.09,7.09,491.9,Maharashtra,Kharif,rainfed,low,bajra
53,30,22,31.51,51.89,8.29,496.15,Maharashtra,Kharif,rainfed,low,bajra
42,24,29,29.62,52.25,7.55,454.88,Maharashtra,Kharif,rainfed,low,bajra
49,22,31,27.67,53.21,7.45,474.2,Maharashtra,Kharif,rainfed,low,bajra
42,22,27,28.33,43.87,7.41,424.1,Maharashtra,Kharif,rainfed,low,bajra
54,24,24,29.58,47.76,6.91,459.84,Maharashtra,Kharif,rainfed,low,bajra
42,27,24,27.33,50.17,7.29,448.98,Maharashtra,Kharif,rainfed,low,bajra
53,27,33,31.23,45.68,7.1,459.45,Maharashtra,Kharif,rainfed,low,bajra
54,22,23,27.63,49.99,7.01,456.74,Maharashtra,Kharif,rainfed,low,bajra
42,28,27,27.33,52.61,6.6,553.3,Maharashtra,Kharif,rainfed,low,bajra
61,25,22,28.5,50.61,7.21,554.94,Maharashtra,Kharif,rainfed,low,bajra
56,28,26,27.77,49.29,7.28,404.94,Maharashtra,Kharif,rainfed,low,bajra
52,28,27,30.26,44.72,7.81,383.57,Maharashtra,Kharif,rainfed,low,bajra
49,27,26,27.58,47.92,7.37,504.8,Maharashtra,Kharif,rainfed,low,bajra
43,26,20,30.44,48.82,7.28,469.9,Maharashtra,Kharif,rainfed,low,bajra
58,26,23,30.04,61.43,7.56,471.55,Maharashtra,Kharif,rainfed,low,bajra
44,23,27,28.17,52.51,7.85,483.77,Maharashtra,Kharif,rainfed,low,bajra
43,32,31,30.25,57.82,7.14,517.26,Maharashtra,Kharif,rainfed,low,bajra
47,20,34,27.39,53.74,7.37,505.1,Maharashtra,Kharif,rainfed,low,bajra
49,25,25,30.22,52.49,7.22,397.94,Maharashtra,Kharif,rainfed,low,bajra
63,27,26,28.56,48.32,7.61,465.67,Maharashtra,Kharif,rainfed,low,bajra
54,20,30,30.85,52.16,7.44,518.23,Maharashtra,Kharif,rainfed,low,bajra
41,31,27,28.44,47.93,7.66,487.32,Maharashtra,Kharif,rainfed,low,bajra
53,25,22,30.26,51.68,7.24,613.66,Maharashtra,Kharif,rainfed,low,bajra
56,28,34,30.08,53.0,6.97,448.6,Maharashtra,Kharif,rainfed,low,bajra
36,28,21,30.85,52.32,7.3,472.53,Maharashtra,Kharif,rainfed,low,bajra
59,29,25,28.15,56.35,6.84,384.3,Maharashtra,Kharif,rainfed,low,bajra
53,29,24,30.11,50.77,7.55,538.88,Maharashtra,Kharif,rainfed,low,bajra
48,22,20,30.89,47.76,7.41,520.35,Maharashtra,Kharif,rainfed,low,bajra
47,24,28,28.29,48.71,7.15,549.54,Maharashtra,Kharif,rainfed,low,bajra
61,25,23,31.1,45.54,7.35,472.44,Maharashtra,Kharif,rainfed,low,bajra
59,30,22,29.75,50.12,7.13,511.01,Maharashtra,Kharif,rainfed,low,bajra
48,26,28,31.77,53.7,7.3,410.41,Maharashtra,Kharif,rainfed,low,bajra
61,27,25,29.63,54.0,7.57,527.24,Maharashtra,Kharif,rainfed,low,bajra
61,26,31,31.09,52.25,6.56,479.99,Maharashtra,Kharif,rainfed,low,bajra
60,22,25,29.75,56.43,7.09,424.29,Maharashtra,Kharif,rainfed,low,bajra
54,23,19,35.26,42.4,8.03,170.39,Maharashtra,Summer,rainfed,low,bajra
55,26,24,33.27,36.97,6.8,142.25,Maharashtra,Summer,rainfed,low,bajra
59,21,21,33.39,37.48,7.45,173.1,Maharashtra,Summer,rainfed,low,bajra
53,23,29,33.61,39.1,7.24,158.73,Maharashtra,Summer,rainfed,low,bajra
48,20,28,33.54,30.56,7.46,190.98,Maharashtra,Summer,rainfed,low,bajra
42,25,24,34.99,43.11,6.88,157.98,Maharashtra,Summer,rainfed,low,bajra
65,23,25,33.27,36.76,7.98,138.97,Maharashtra,Summer,rainfed,low,bajra
41,23,27,31.3,40.11,7.48,121.79,Maharashtra,Summer,rainfed,low,bajra
46,26,27,31.69,39.56,7.13,166.98,Maharashtra,Summer,rainfed,low,bajra
53,24,27,31.88,40.68,7.45,205.32,Maharashtra,Summer,rainfed,low,bajra
48,25,23,30.95,37.33,7.53,167.21,Maharashtra,Summer,rainfed,low,bajra
52,24,23,31.12,36.96,6.71,181.68,Maharashtra,Summer,rainfed,low,bajra
62,19,26,32.91,39.77,7.0,173.86,Maharashtra,Summer,rainfed,low,bajra
53,28,23,30.43,40.59,6.85,174.61,Maharashtra,Summer,rainfed,low,bajra
36,23,23,32.0,39.96,7.42,164.93,Maharashtra,Summer,rainfed,low,bajra
55,24,32,34.58,37.86,7.19,142.23,Maharashtra,Summer,rainfed,low,bajra
52,22,22,29.25,37.54,7.69,146.45,Maharashtra,Summer,rainfed,low,bajra
49,26,22,32.54,42.26,7.38,172.82,Maharashtra,Summer,rainfed,low,bajra
58,27,23,31.98,46.08,7.38,154.22,Maharashtra,Summer,rainfed,low,bajra
44,25,27,32.52,37.1,7.13,177.81,Maharashtra,Summer,rainfed,low,bajra
54,27,26,30.73,40.0,7.7,143.91,Maharashtra,Summer,rainfed,low,bajra
57,27,28,32.58,42.25,6.64,150.77,Maharashtra,Summer,rainfed,low,bajra
55,26,29,32.26,36.99,6.57,143.63,Maharashtra,Summer,rainfed,low,bajra
53,28,20,34.26,35.43,7.2,136.73,Maharashtra,Summer,rainfed,low,bajra
53,25,27,35.27,40.46,7.01,160.76,Maharashtra,Summer,rainfed,low,bajra
63,27,28,30.11,40.42,7.14,134.13,Maharashtra,Summer,rainfed,low,bajra
50,25,23,32.78,38.36,7.54,155.31,Maharashtra,Summer,rainfed,low,bajra
53,28,27,32.49,31.35,7.46,128.72,Maharashtra,Summer,rainfed,low,bajra
49,26,29,35.26,35.62,6.7,157.6,Maharashtra,Summer,rainfed,low,bajra
52,21,25,33.4,34.49,6.84,134.97,Maharashtra,Summer,rainfed,low,bajra
49,27,24,32.58,47.24,6.85,134.76,Maharashtra,Summer,rainfed,low,bajra
55,28,26,35.21,40.16,6.43,152.26,Maharashtra,Summer,rainfed,low,bajra
46,30,28,30.12,43.95,7.64,142.43,Maharashtra,Summer,rainfed,low,bajra
49,30,18,33.17,43.01,7.21,165.12,Maharashtra,Summer,rainfed,low,bajra
51,22,22,33.57,36.67,6.61,152.86,Maharashtra,Summer,rainfed,low,bajra
47,21,25,33.65,39.07,6.81,161.24,Maharashtra,Summer,rainfed,low,bajra
57,32,30,30.99,42.15,7.36,123.12,Maharashtra,Summer,rainfed,low,bajra
52,31,29,30.98,39.05,7.45,109.64,Maharashtra,Summer,rainfed,low,bajra
39,26,26,29.74,40.42,7.7,144.91,Maharashtra,Summer,rainfed,low,bajra
50,27,26,30.0,35.68,7.09,129.91,Maharashtra,Summer,rainfed,low,bajra
60,27,21,32.18,43.14,6.98,169.87,Maharashtra,Summer,rainfed,low,bajra
59,29,26,34.38,37.09,8.29,155.62,Maharashtra,Summer,rainfed,low,bajra
58,24,27,33.32,35.59,6.85,145.23,Maharashtra,Summer,rainfed,low,bajra
57,19,24,34.46,34.48,7.77,123.68,Maharashtra,Summer,rainfed,low,bajra
44,25,31,31.54,32.65,6.67,171.75,Maharashtra,Summer,rainfed,low,bajra
41,29,25,32.45,40.09,6.92,153.22,Maharashtra,Summer,rainfed,low,bajra
42,29,22,33.16,35.21,7.03,141.28,Maharashtra,Summer,rainfed,low,bajra
70,25,22,31.83,33.48,7.18,193.19,Maharashtra,Summer,rainfed,low,bajra
52,28,22,32.19,39.75,6.95,159.33,Maharashtra,Summer,rainfed,low,bajra
54,27,24,34.14,38.06,7.1,183.64,Maharashtra,Summer,rainfed,low,bajra
43,19,22,33.08,43.71,6.97,192.35,Maharashtra,Summer,rainfed,low,bajra
50,25,22,35.43,38.45,6.7,207.35,Maharashtra,Summer,rainfed,low,bajra
53,28,31,33.42,42.57,7.27,167.12,Maharashtra,Summer,rainfed,low,bajra
50,25,25,31.9,40.85,7.46,169.11,Maharashtra,Summer,rainfed,low,bajra
54,32,29,32.19,40.66,7.84,127.83,Maharashtra,Summer,rainfed,low,bajra
63,22,28,32.51,38.81,6.71,171.18,Maharashtra,Summer,rainfed,low,bajra
41,20,29,35.18,36.55,7.67,168.59,Maharashtra,Summer,rainfed,low,bajra
49,29,24,33.28,34.4,6.75,177.28,Maharashtra,Summer,rainfed,low,bajra
54,25,31,35.35,40.61,6.64,147.4,Maharashtra,Summer,rainfed,low,bajra
44,25,22,30.71,30.7,7.32,96.36,Maharashtra,Summer,rainfed,low,bajra
48,27,23,30.87,38.75,6.9,154.33,Maharashtra,Summer,rainfed,low,bajra
43,25,24,32.48,45.0,7.33,161.77,Maharashtra,Summer,rainfed,low,bajra
46,26,24,32.54,41.38,7.04,140.71,Maharashtra,Summer,rainfed,low,bajra
47,23,26,31.95,44.49,8.37,136.75,Maharashtra,Summer,rainfed,low,bajra
52,28,24,31.01,45.37,7.54,157.44,Maharashtra,Summer,rainfed,low,bajra
60,28,25,31.04,37.19,7.75,165.92,Maharashtra,Summer,rainfed,low,bajra
49,31,24,33.98,39.81,8.06,167.57,Maharashtra,Summer,rainfed,low,bajra
50,24,25,31.41,33.99,7.38,137.55,Maharashtra,Summer,rainfed,low,bajra
46,25,25,32.51,45.37,7.53,199.18,Maharashtra,Summer,rainfed,low,bajra
47,28,24,31.66,46.87,6.93,97.93,Maharashtra,Summer,rainfed,low,bajra
45,18,22,31.21,39.13,6.4,177.91,Maharashtra,Summer,rainfed,low,bajra
37,25,24,33.74,40.29,7.74,141.57,Maharashtra,Summer,rainfed,low,bajra
47,26,28,33.74,40.18,7.35,149.15,Maharashtra,Summer,rainfed,low,bajra
53,32,24,31.95,37.38,7.41,100.49,Maharashtra,Summer,rainfed,low,bajra
49,28,23,32.78,46.73,7.39,97.75,Maharashtra,Summer,rainfed,low,bajra
41,24,22,32.66,37.92,7.74,124.54,Maharashtra,Summer,rainfed,low,bajra
49,26,26,32.72,30.16,7.28,146.48,Maharashtra,Summer,rainfed,low,bajra
56,27,26,32.97,43.96,7.73,156.42,Maharashtra,Summer,rainfed,low,bajra
64,23,21,32.48,37.63,6.22,134.78,Maharashtra,Summer,rainfed,low,bajra
52,25,22,32.56,39.45,7.55,135.03,Maharashtra,Summer,rainfed,low,bajra
56,21,23,35.05,35.25,6.98,120.76,Maharashtra,Summer,rainfed,low,bajra
44,25,27,32.47,37.81,6.73,133.03,Maharashtra,Summer,rainfed,low,bajra
40,27,28,32.44,40.62,7.62,152.36,Maharashtra,Summer,rainfed,low,bajra
59,22,24,31.8,41.37,6.65,183.79,Maharashtra,Summer,rainfed,low,bajra
54,31,25,31.67,41.41,7.68,133.33,Maharashtra,Summer,rainfed,low,bajra
37,19,26,34.81,34.23,7.14,141.87,Maharashtra,Summer,rainfed,low,bajra
63,33,26,33.85,42.19,6.72,166.3,Maharashtra,Summer,rainfed,low,bajra
43,24,29,32.62,43.04,7.79,109.0,Maharashtra,Summer,rainfed,low,bajra
35,29,29,32.88,40.44,7.62,170.4,Maharashtra,Summer,rainfed,low,bajra
48,28,24,32.87,39.73,6.89,132.66,Maharashtra,Summer,rainfed,low,bajra
65,22,26,33.37,38.8,7.53,157.68,Maharashtra,Summer,rainfed,low,bajra
44,27,23,35.11,40.57,6.96,157.99,Maharashtra,Summer,rainfed,low,bajra
44,26,24,31.26,35.92,8.26,152.13,Maharashtra,Summer,rainfed,low,bajra
47,23,27,31.54,34.99,7.24,149.07,Maharashtra,Summer,rainfed,low,bajra
47,22,24,31.8,36.77,7.37,201.95,Maharashtra,Summer,rainfed,low,bajra
59,31,23,35.01,39.83,7.66,160.68,Maharashtra,Summer,rainfed,low,bajra
48,27,27,29.85,38.54,7.61,156.47,Maharashtra,Summer,rainfed,low,bajra
53,22,26,32.36,38.25,6.97,171.35,Maharashtra,Summer,rainfed,low,bajra
52,26,32,33.21,43.4,7.36,141.76,Maharashtra,Summer,rainfed,low,bajra
43,26,16,32.91,40.16,7.16,147.84,Maharashtra,Summer,rainfed,low,bajra
42,30,24,31.04,41.0,7.3,141.64,Maharashtra,Summer,rainfed,low,bajra
47,25,29,33.2,38.87,7.61,150.64,Maharashtra,Summer,rainfed,low,bajra
53,26,27,31.83,34.82,7.63,185.11,Maharashtra,Summer,rainfed,low,bajra
43,26,24,33.83,39.9,8.5,142.97,Maharashtra,Summer,rainfed,low,bajra
60,30,27,32.56,39.35,7.25,176.44,Maharashtra,Summer,rainfed,low,bajra
44,24,24,29.91,42.15,7.69,135.2,Maharashtra,Summer,rainfed,low,bajra
57,20,25,32.31,39.32,7.28,148.2,Maharashtra,Summer,rainfed,low,bajra
47,25,30,31.63,47.27,6.99,155.6,Maharashtra,Summer,rainfed,low,bajra
54,24,30,33.32,38.25,7.82,126.31,Maharashtra,Summer,rainfed,low,bajra
46,27,28,32.98,38.53,7.15,176.4,Maharashtra,Summer,rainfed,low,bajra
52,22,22,34.77,36.36,7.36,181.52,Maharashtra,Summer,rainfed,low,bajra
54,22,22,35.3,35.18,7.02,158.69,Maharashtra,Summer,rainfed,low,bajra
49,27,20,32.18,41.48,7.53,136.64,Maharashtra,Summer,rainfed,low,bajra
43,26,21,34.43,39.58,6.96,125.39,Maharashtra,Summer,rainfed,low,bajra
46,20,27,31.3,40.47,7.47,172.54,Maharashtra,Summer,rainfed,low,bajra
52,29,30,32.89,40.17,7.02,126.96,Maharashtra,Summer,rainfed,low,bajra
59,27,27,31.61,44.95,7.15,131.29,Maharashtra,Summer,rainfed,low,bajra
46,30,21,31.37,49.63,7.64,132.9,Maharashtra,Summer,rainfed,low,bajra
43,19,25,33.59,44.57,6.46,119.07,Maharashtra,Summer,rainfed,low,bajra
49,34,28,33.06,34.51,6.37,150.91,Maharashtra,Summer,rainfed,low,bajra
49,24,24,31.38,35.42,7.83,129.31,Maharashtra,Summer,rainfed,low,bajra
48,25,27,31.22,42.59,7.01,146.22,Maharashtra,Summer,rainfed,low,bajra
61,22,27,34.01,40.14,7.2,199.6,Maharashtra,Summer,rainfed,low,bajra
50,26,24,32.73,42.54,7.14,100.8,Maharashtra,Summer,rainfed,low,bajra
53,21,27,32.5,42.46,6.85,137.51,Maharashtra,Summer,rainfed,low,bajra
48,20,29,30.06,43.02,7.43,145.36,Maharashtra,Summer,rainfed,low,bajra
52,26,24,32.95,41.68,6.86,158.08,Maharashtra,Summer,rainfed,low,bajra
32,19,27,31.87,35.87,7.23,140.76,Maharashtra,Summer,rainfed,low,bajra
43,20,18,33.61,37.45,7.65,139.9,Maharashtra,Summer,rainfed,low,bajra
52,25,25,32.64,37.37,6.74,167.88,Maharashtra,Summer,rainfed,low,bajra
61,31,23,31.4,36.97,7.18,148.78,Maharashtra,Summer,rainfed,low,bajra
43,20,25,28.0,38.63,6.86,168.2,Maharashtra,Summer,rainfed,low,bajra
57,29,24,30.8,36.01,7.37,111.6,Maharashtra,Summer,rainfed,low,bajra
59,24,27,29.83,35.6,6.46,173.83,Maharashtra,Summer,rainfed,low,bajra
49,27,25,33.2,37.76,7.17,147.86,Maharashtra,Summer,rainfed,low,bajra
53,26,34,35.02,32.48,7.19,140.53,Maharashtra,Summer,rainfed,low,bajra
59,24,27,28.99,33.45,8.12,151.17,Maharashtra,Summer,rainfed,low,bajra
43,26,21,32.07,33.67,6.92,140.29,Maharashtra,Summer,rainfed,low,bajra
57,27,27,32.46,42.02,6.89,132.9,Maharashtra,Summer,rainfed,low,bajra
53,24,25,32.25,43.6,7.79,135.39,Maharashtra,Summer,rainfed,low,bajra
38,23,22,33.75,42.38,6.82,132.39,Maharashtra,Summer,rainfed,low,bajra
40,25,25,33.68,40.82,7.5,114.02,Maharashtra,Summer,rainfed,low,bajra
46,28,23,30.06,41.96,7.01,174.79,Maharashtra,Summer,rainfed,low,bajra
50,24,30,30.55,44.26,6.98,153.79,Maharashtra,Summer,rainfed,low,bajra
51,24,22,31.95,35.28,8.07,138.77,Maharashtra,Summer,rainfed,low,bajra
58,28,26,32.3,39.71,7.49,152.34,Maharashtra,Summer,rainfed,low,bajra
40,19,30,28.55,39.72,7.15,153.75,Maharashtra,Summer,rainfed,low,bajra
42,26,26,36.64,39.48,7.81,115.03,Maharashtra,Summer,rainfed,low,bajra
57,26,26,32.93,45.26,7.36,131.7,Maharashtra,Summer,rainfed,low,bajra
46,28,26,30.2,40.89,6.8,160.23,Maharashtra,Summer,rainfed,low,bajra
45,24,23,34.78,40.47,7.78,217.55,Maharashtra,Summer,rainfed,low,bajra
50,30,23,34.38,36.04,7.24,162.53,Maharashtra,Summer,rainfed,low,bajra
55,21,22,33.42,37.65,6.67,148.34,Maharashtra,Summer,rainfed,low,bajra
49,26,27,33.2,36.18,7.08,171.65,Maharashtra,Summer,rainfed,low,bajra
46,24,20,32.46,40.27,6.43,125.03,Maharashtra,Summer,rainfed,low,bajra
41,28,19,32.38,41.63,7.33,139.73,Maharashtra,Summer,rainfed,low,bajra
52,28,25,29.14,43.21,7.42,149.23,Maharashtra,Summer,rainfed,low,bajra
37,24,22,30.68,38.5,7.03,139.03,Maharashtra,Summer,rainfed,low,bajra
55,26,23,31.57,37.33,7.15,163.63,Maharashtra,Summer,rainfed,low,bajra
43,30,27,28.39,39.31,7.68,159.07,Maharashtra,Summer,rainfed,low,bajra
47,25,26,33.65,33.81,7.0,188.23,Maharashtra,Summer,rainfed,low,bajra
50,30,35,31.76,34.61,7.14,175.64,Maharashtra,Summer,rainfed,low,bajra
58,33,25,33.23,36.39,6.21,149.07,Maharashtra,Summer,rainfed,low,bajra
42,27,19,31.39,39.98,7.41,148.89,Maharashtra,Summer,rainfed,low,bajra
62,30,23,34.91,45.46,7.2,151.06,Maharashtra,Summer,rainfed,low,bajra
50,23,23,34.48,40.6,7.02,128.39,Maharashtra,Summer,rainfed,low,bajra
45,24,28,31.21,42.31,7.33,153.33,Maharashtra,Summer,rainfed,low,bajra
57,28,20,30.87,38.16,7.4,181.84,Maharashtra,Summer,rainfed,low,bajra
50,31,23,31.69,37.88,6.91,177.05,Maharashtra,Summer,rainfed,low,bajra
32,23,29,32.03,42.93,8.17,151.88,Maharashtra,Summer,rainfed,low,bajra
58,33,26,32.43,42.31,7.74,149.09,Maharashtra,Summer,rainfed,low,bajra
47,31,24,34.29,39.96,8.01,130.19,Maharashtra,Summer,rainfed,low,bajra
44,28,21,32.67,44.68,6.51,159.38,Maharashtra,Summer,rainfed,low,bajra
58,25,22,32.11,35.93,7.28,143.54,Maharashtra,Summer,rainfed,low,bajra
47,27,30,32.99,43.93,7.91,136.31,Maharashtra,Summer,rainfed,low,bajra
52,24,20,33.03,35.14,7.45,113.7,Maharashtra,Summer,rainfed,low,bajra
51,20,27,31.91,37.2,7.72,142.5,Maharashtra,Summer,rainfed,low,bajra
51,24,27,34.06,42.06,7.06,178.21,Maharashtra,Summer,rainfed,low,bajra
44,23,25,34.07,34.71,7.62,148.72,Maharashtra,Summer,rainfed,low,bajra
47,29,22,35.93,38.35,7.31,186.0,Maharashtra,Summer,rainfed,low,bajra
51,29,18,31.84,40.45,7.7,167.96,Maharashtra,Summer,rainfed,low,bajra
55,29,27,29.29,44.29,6.9,157.32,Maharashtra,Summer,rainfed,low,bajra
51,25,21,29.59,35.32,7.59,116.25,Maharashtra,Summer,rainfed,low,bajra
44,26,22,31.69,39.3,7.37,125.56,Maharashtra,Summer,rainfed,low,bajra
51,26,21,32.82,36.37,7.3,166.87,Maharashtra,Summer,rainfed,low,bajra
49,28,28,33.86,40.48,7.71,158.99,Maharashtra,Summer,rainfed,low,bajra
39,22,24,32.37,40.31,6.91,196.87,Maharashtra,Summer,rainfed,low,bajra
49,25,23,30.99,38.54,7.26,147.97,Maharashtra,Summer,rainfed,low,bajra
61,25,25,33.72,38.37,7.47,120.16,Maharashtra,Summer,rainfed,low,bajra
42,25,24,31.29,39.45,7.34,133.44,Maharashtra,Summer,rainfed,low,bajra
47,26,22,31.59,40.96,7.24,138.87,Maharashtra,Summer,rainfed,low,bajra
44,22,25,35.54,41.07,6.69,166.5,Maharashtra,Summer,rainfed,low,bajra
45,25,23,35.53,34.84,7.38,134.01,Maharashtra,Summer,rainfed,low,bajra
55,26,29,33.58,36.46,8.47,162.96,Maharashtra,Summer,rainfed,low,bajra
46,26,27,33.39,40.82,7.65,170.26,Maharashtra,Summer,rainfed,low,bajra
44,32,32,33.7,39.14,7.27,142.45,Maharashtra,Summer,rainfed,low,bajra
49,18,30,34.27,32.85,7.62,149.82,Maharashtra,Summer,rainfed,low,bajra
49,27,19,32.48,39.29,7.28,118.09,Maharashtra,Summer,rainfed,low,bajra
53,29,26,32.16,48.86,6.86,168.05,Maharashtra,Summer,rainfed,low,bajra
52,32,26,33.4,40.85,6.81,129.73,Maharashtra,Summer,rainfed,low,bajra
48,28,26,32.19,44.03,6.42,119.76,Maharashtra,Summer,rainfed,low,bajra
33,29,25,33.95,38.6,7.68,147.04,Maharashtra,Summer,rainfed,low,bajra
53,26,26,35.03,33.04,7.22,154.62,Maharashtra,Summer,rainfed,low,bajra
50,24,23,34.8,38.74,8.27,162.33,Maharashtra,Summer,rainfed,low,bajra
48,27,25,34.51,34.72,6.5,158.42,Maharashtra,Summer,rainfed,low,bajra
56,26,27,33.29,33.57,7.37,180.72,Maharashtra,Summer,rainfed,low,bajra
51,21,24,33.34,45.58,6.43,158.43,Maharashtra,Summer,rainfed,low,bajra
44,27,27,32.15,41.32,7.72,146.16,Maharashtra,Summer,rainfed,low,bajra
41,30,28,33.35,36.47,7.66,197.66,Maharashtra,Summer,rainfed,low,bajra
49,25,21,31.42,35.06,7.3,142.05,Maharashtra,Summer,rainfed,low,bajra
52,22,24,31.07,39.69,6.57,153.54,Maharashtra,Summer,rainfed,low,bajra
48,26,19,33.48,37.9,7.34,106.36,Maharashtra,Summer,rainfed,low,bajra
42,24,30,33.29,39.48,6.86,124.19,Maharashtra,Summer,rainfed,low,bajra
52,27,26,35.06,36.5,7.32,110.49,Maharashtra,Summer,rainfed,low,bajra
51,30,22,33.76,44.28,6.96,160.9,Maharashtra,Summer,rainfed,low,bajra
61,26,28,29.84,41.19,7.47,119.06,Maharashtra,Summer,rainfed,low,bajra
44,27,24,34.17,40.14,7.27,146.02,Maharashtra,Summer,rainfed,low,bajra
52,28,27,31.87,43.54,7.52,158.99,Maharashtra,Summer,rainfed,low,bajra
51,27,19,32.86,45.01,7.34,151.95,Maharashtra,Summer,rainfed,low,bajra
46,27,24,34.46,35.83,7.06,135.98,Maharashtra,Summer,rainfed,low,bajra
62,24,23,29.36,35.66,7.47,162.22,Maharashtra,Summer,rainfed,low,bajra
46,23,31,36.54,43.22,7.9,191.33,Maharashtra,Summer,rainfed,low,bajra
65,24,22,35.25,35.46,6.82,126.54,Maharashtra,Summer,rainfed,low,bajra
49,18,20,31.57,34.61,7.69,150.16,Maharashtra,Summer,rainfed,low,bajra
54,27,24,33.98,40.66,7.12,110.71,Maharashtra,Summer,rainfed,low,bajra
53,21,26,32.62,34.01,7.36,154.46,Maharashtra,Summer,rainfed,low,bajra
51,25,23,33.39,36.48,6.8,165.74,Maharashtra,Summer,rainfed,low,bajra
56,27,24,29.59,44.43,6.44,163.67,Maharashtra,Summer,rainfed,low,bajra
64,25,26,33.07,39.73,8.23,130.33,Maharashtra,Summer,rainfed,low,bajra
44,24,31,31.63,40.58,7.7,168.18,Maharashtra,Summer,rainfed,low,bajra
57,30,26,31.81,39.54,7.11,208.84,Maharashtra,Summer,rainfed,low,bajra
46,27,20,32.7,37.95,7.53,166.37,Maharashtra,Summer,rainfed,low,bajra
59,29,25,31.08,35.97,7.38,153.68,Maharashtra,Summer,rainfed,low,bajra
52,23,30,30.29,36.83,6.8,145.12,Maharashtra,Summer,rainfed,low,bajra
58,24,25,33.5,37.77,7.41,155.85,Maharashtra,Summer,rainfed,low,bajra
42,23,26,34.42,43.7,8.12,161.33,Maharashtra,Summer,rainfed,low,bajra
47,25,25,31.89,40.4,7.43,122.61,Maharashtra,Summer,rainfed,low,bajra
57,19,24,34.22,41.23,7.1,195.94,Maharashtra,Summer,rainfed,low,bajra
47,18,27,29.83,35.95,7.51,139.25,Maharashtra,Summer,rainfed,low,bajra
54,21,28,29.96,43.83,7.05,185.73,Maharashtra,Summer,rainfed,low,bajra
44,31,22,29.81,39.16,7.76,168.45,Maharashtra,Summer,rainfed,low,bajra
58,28,22,33.65,39.34,6.95,154.18,Maharashtra,Summer,rainfed,low,bajra
50,30,23,31.66,36.44,8.04,135.0,Maharashtra,Summer,rainfed,low,bajra
59,22,27,32.89,43.52,7.7,151.91,Maharashtra,Summer,rainfed,low,bajra
46,30,23,29.1,32.19,6.58,163.9,Maharashtra,Summer,rainfed,low,bajra
65,18,22,32.63,44.67,6.92,163.79,Maharashtra,Summer,rainfed,low,bajra
48,34,25,33.03,39.31,7.08,172.16,Maharashtra,Summer,rainfed,low,bajra
42,18,24,33.72,36.87,7.33,121.52,Maharashtra,Summer,rainfed,low,bajra
57,27,25,32.75,33.89,6.69,147.15,Maharashtra,Summer,rainfed,low,bajra
53,27,24,33.62,44.21,7.21,157.23,Maharashtra,Summer,rainfed,low,bajra
49,25,26,35.05,42.36,7.59,139.41,Maharashtra,Summer,rainfed,low,bajra
44,26,29,35.09,30.01,8.27,159.73,Maharashtra,Summer,rainfed,low,bajra
56,19,24,33.73,34.69,6.05,157.83,Maharashtra,Summer,rainfed,low,bajra
50,30,24,32.37,41.56,7.68,133.46,Maharashtra,Summer,rainfed,low,bajra
56,23,25,33.51,42.1,7.38,124.79,Maharashtra,Summer,rainfed,low,bajra
38,24,28,33.17,39.89,7.25,157.21,Maharashtra,Summer,rainfed,low,bajra
43,28,28,31.97,40.6,6.53,154.2,Maharashtra,Summer,rainfed,low,bajra
49,29,24,33.8,37.57,6.3,144.74,Maharashtra,Summer,rainfed,low,bajra
51,26,26,31.74,37.81,6.78,103.41,Maharashtra,Summer,rainfed,low,bajra
49,23,29,29.23,40.07,8.13,145.73,Maharashtra,Summer,rainfed,low,bajra
50,26,27,31.89,35.3,7.52,105.48,Maharashtra,Summer,rainfed,low,bajra
56,24,25,31.71,44.25,7.35,142.49,Maharashtra,Summer,rainfed,low,bajra
48,25,33,30.52,42.97,7.49,185.93,Maharashtra,Summer,rainfed,low,bajra
54,25,28,32.84,41.77,7.85,152.16,Maharashtra,Summer,rainfed,low,bajra
47,23,27,31.18,37.72,6.85,161.86,Maharashtra,Summer,rainfed,low,bajra
45,21,21,31.64,37.24,7.35,146.23,Maharashtra,Summer,rainfed,low,bajra
52,27,27,29.64,34.87,7.48,154.93,Maharashtra,Summer,rainfed,low,bajra
57,20,23,32.06,39.61,7.26,160.95,Maharashtra,Summer,rainfed,low,bajra
49,30,31,30.82,39.17,7.58,163.66,Maharashtra,Summer,rainfed,low,bajra
47,26,20,32.47,33.65,7.46,123.96,Maharashtra,Summer,rainfed,low,bajra
51,26,25,31.55,38.23,7.74,140.09,Maharashtra,Summer,rainfed,low,bajra
50,23,28,32.62,36.2,7.25,144.38,Maharashtra,Summer,rainfed,low,bajra
59,25,20,33.25,45.55,7.75,124.26,Maharashtra,Summer,rainfed,low,bajra
48,25,25,33.07,37.74,6.87,172.21,Maharashtra,Summer,rainfed,low,bajra
43,22,21,33.42,39.39,7.62,131.68,Maharashtra,Summer,rainfed,low,bajra
42,24,24,32.81,32.83,7.45,129.13,Maharashtra,Summer,rainfed,low,bajra
46,29,18,32.98,40.17,6.91,139.57,Maharashtra,Summer,rainfed,low,bajra
58,32,29,35.33,36.47,6.59,148.77,Maharashtra,Summer,rainfed,low,bajra
55,19,22,31.28,40.31,7.34,131.91,Maharashtra,Summer,rainfed,low,bajra
51,21,24,30.6,38.45,6.92,166.11,Maharashtra,Summer,rainfed,low,bajra
50,24,31,33.07,37.65,7.01,122.44,Maharashtra,Summer,rainfed,low,bajra
50,26,19,30.45,37.11,6.79,151.01,Maharashtra,Summer,rainfed,low,bajra
51,25,27,31.62,38.83,6.83,156.64,Maharashtra,Summer,rainfed,low,bajra
51,21,24,32.44,40.03,7.38,133.17,Maharashtra,Summer,rainfed,low,bajra
55,27,23,30.79,36.62,6.64,154.85,Maharashtra,Summer,rainfed,low,bajra
58,30,21,33.68,39.31,6.25,142.24,Maharashtra,Summer,rainfed,low,bajra
47,29,22,33.34,38.61,6.65,137.12,Maharashtra,Summer,rainfed,low,bajra
60,24,28,33.78,37.36,6.72,123.12,Maharashtra,Summer,rainfed,low,bajra
60,26,19,33.75,32.45,6.91,151.9,Maharashtra,Summer,rainfed,low,bajra
67,28,23,32.54,42.37,7.84,144.22,Maharashtra,Summer,rainfed,low,bajra
49,22,27,34.04,31.89,7.08,121.69,Maharashtra,Summer,rainfed,low,bajra
51,21,21,34.19,38.39,7.23,160.07,Maharashtra,Summer,rainfed,low,bajra
56,24,24,31.91,42.97,7.22,143.21,Maharashtra,Summer,rainfed,low,bajra
53,31,25,32.1,46.12,7.8,177.65,Maharashtra,Summer,rainfed,low,bajra
47,23,19,33.95,39.28,6.5,178.04,Maharashtra,Summer,rainfed,low,bajra
48,24,20,33.24,40.84,7.23,140.24,Maharashtra,Summer,rainfed,low,bajra
68,21,23,33.56,35.28,6.8,176.4,Maharashtra,Summer,rainfed,low,bajra
54,27,26,31.46,38.07,7.22,169.75,Maharashtra,Summer,rainfed,low,bajra
53,22,28,29.98,37.83,6.77,130.0,Maharashtra,Summer,rainfed,low,bajra
63,20,22,33.27,37.28,7.31,183.36,Maharashtra,Summer,rainfed,low,bajra
89,47,46,26.2,70.7,6.52,481.68,Maharashtra,Kharif,drip,medium,chili
102,49,58,27.08,67.93,6.69,573.47,Maharashtra,Kharif,drip,medium,chili
88,40,46,25.58,64.09,6.57,421.63,Maharashtra,Kharif,drip,medium,chili
96,40,59,27.58,76.36,6.64,489.35,Maharashtra,Kharif,drip,medium,chili
86,39,52,25.34,61.96,6.81,428.53,Maharashtra,Kharif,drip,medium,chili
98,49,49,28.6,68.04,6.73,381.42,Maharashtra,Kharif,drip,medium,chili
77,53,64,28.9,73.62,7.09,515.89,Maharashtra,Kharif,drip,medium,chili
98,42,57,27.62,69.43,6.72,364.69,Maharashtra,Kharif,drip,medium,chili
79,47,52,27.5,61.83,7.09,437.49,Maharashtra,Kharif,drip,medium,chili
106,37,59,25.1,66.47,7.02,560.12,Maharashtra,Kharif,drip,medium,chili
85,42,45,23.81,63.3,6.54,399.58,Maharashtra,Kharif,drip,medium,chili
91,45,55,25.3,64.28,6.67,554.47,Maharashtra,Kharif,drip,medium,chili
86,37,53,25.85,60.31,6.65,441.01,Maharashtra,Kharif,drip,medium,chili
92,47,51,27.27,65.33,6.68,479.39,Maharashtra,Kharif,drip,medium,chili
91,38,43,28.18,67.31,6.61,570.88,Maharashtra,Kharif,drip,medium,chili
119,37,55,27.5,60.25,6.37,563.52,Maharashtra,Kharif,drip,medium,chili
92,42,44,26.99,61.13,6.5,436.28,Maharashtra,Kharif,drip,medium,chili
89,39,49,27.92,67.14,6.75,529.08,Maharashtra,Kharif,drip,medium,chili
83,47,58,24.96,68.79,6.81,517.49,Maharashtra,Kharif,drip,medium,chili
108,46,49,26.7,66.55,6.47,365.07,Maharashtra,Kharif,drip,medium,chili
92,50,61,26.92,72.52,6.79,486.85,Maharashtra,Kharif,drip,medium,chili
94,41,47,25.03,64.66,6.97,403.53,Maharashtra,Kharif,drip,medium,chili
84,49,53,26.2,65.06,7.23,537.35,Maharashtra,Kharif,drip,medium,chili
95,46,58,29.27,65.07,6.79,501.94,Maharashtra,Kharif,drip,medium,chili
101,54,51,27.18,67.18,6.4,564.68,Maharashtra,Kharif,drip,medium,chili
107,49,51,24.46,68.96,6.48,434.68,Maharashtra,Kharif,drip,medium,chili
94,49,53,26.19,66.07,6.52,474.66,Maharashtra,Kharif,drip,medium,chili
78,49,74,26.59,71.07,6.68,410.24,Maharashtra,Kharif,drip,medium,chili
113,41,61,26.82,71.05,6.73,422.41,Maharashtra,Kharif,drip,medium,chili
86,57,57,29.77,65.09,6.93,414.41,Maharashtra,Kharif,drip,medium,chili
93,56,50,25.46,69.67,6.78,626.41,Maharashtra,Kharif,drip,medium,chili
90,45,57,24.89,61.52,6.4,300.0,Maharashtra,Kharif,drip,medium,chili
92,38,51,28.03,62.87,6.92,394.65,Maharashtra,Kharif,drip,medium,chili
86,54,52,28.43,75.53,6.65,455.62,Maharashtra,Kharif,drip,medium,chili
73,46,58,27.66,71.83,6.49,624.74,Maharashtra,Kharif,drip,medium,chili
90,47,55,25.34,61.9,6.8,435.72,Maharashtra,Kharif,drip,medium,chili
90,43,53,23.8,55.0,6.96,575.03,Maharashtra,Kharif,drip,medium,chili
69,47,56,24.51,69.94,7.03,570.62,Maharashtra,Kharif,drip,medium,chili
108,50,49,26.53,67.98,7.13,483.26,Maharashtra,Kharif,drip,medium,chili
87,37,61,26.81,63.18,6.94,477.32,Maharashtra,Kharif,drip,medium,chili
80,52,41,26.72,66.08,6.34,521.69,Maharashtra,Kharif,drip,medium,chili
86,53,62,26.83,56.95,6.61,457.82,Maharashtra,Kharif,drip,medium,chili
104,46,57,28.03,72.75,7.11,536.41,Maharashtra,Kharif,drip,medium,chili
90,47,55,27.68,64.32,6.98,503.1,Maharashtra,Kharif,drip,medium,chili
96,39,53,27.17,65.8,6.16,417.73,Maharashtra,Kharif,drip,medium,chili
96,53,53,25.77,70.53,6.75,549.54,Maharashtra,Kharif,drip,medium,chili
90,43,60,27.51,65.27,6.47,388.72,Maharashtra,Kharif,drip,medium,chili
78,42,57,24.0,60.37,6.84,604.58,Maharashtra,Kharif,drip,medium,chili
102,36,58,27.93,64.6,6.69,522.23,Maharashtra,Kharif,drip,medium,chili
97,47,60,26.82,64.1,6.64,448.06,Maharashtra,Kharif,drip,medium,chili
88,48,50,28.1,62.71,6.8,555.72,Maharashtra,Kharif,drip,medium,chili
97,36,56,25.39,61.43,6.81,416.74,Maharashtra,Kharif,drip,medium,chili
95,52,57,26.15,65.88,6.98,479.63,Maharashtra,Kharif,drip,medium,chili
88,40,49,27.84,64.64,6.89,542.4,Maharashtra,Kharif,drip,medium,chili
84,41,59,26.71,65.81,6.87,567.5,Maharashtra,Kharif,drip,medium,chili
92,42,56,25.29,67.05,6.75,445.61,Maharashtra,Kharif,drip,medium,chili
89,43,60,25.19,63.4,6.66,537.6,Maharashtra,Kharif,drip,medium,chili
99,46,60,28.24,67.1,6.55,494.84,Maharashtra,Kharif,drip,medium,chili
80,47,52,26.67,66.17,6.65,515.03,Maharashtra,Kharif,drip,medium,chili
91,42,48,27.03,61.88,7.2,585.81,Maharashtra,Kharif,drip,medium,chili
78,48,63,25.62,67.85,6.72,545.46,Maharashtra,Kharif,drip,medium,chili
88,50,54,26.02,68.99,6.98,344.25,Maharashtra,Kharif,drip,medium,chili
66,47,51,24.52,65.07,7.48,411.33,Maharashtra,Kharif,drip,medium,chili
101,41,45,25.58,61.05,6.36,451.67,Maharashtra,Kharif,drip,medium,chili
83,44,56,25.32,68.91,6.58,489.76,Maharashtra,Kharif,drip,medium,chili
73,45,70,27.69,65.84,6.46,608.81,Maharashtra,Kharif,drip,medium,chili
91,42,51,29.61,66.05,6.86,486.46,Maharashtra,Kharif,drip,medium,chili
92,43,64,26.57,61.1,6.85,492.35,Maharashtra,Kharif,drip,medium,chili
96,43,51,27.84,73.63,6.29,505.47,Maharashtra,Kharif,drip,medium,chili
88,40,41,27.04,64.65,6.61,580.18,Maharashtra,Kharif,drip,medium,chili
88,43,46,25.14,72.12,6.9,585.84,Maharashtra,Kharif,drip,medium,chili
85,47,62,27.37,72.56,6.85,499.88,Maharashtra,Kharif,drip,medium,chili
71,47,59,28.22,63.45,6.74,394.0,Maharashtra,Kharif,drip,medium,chili
78,48,63,28.45,68.18,7.26,473.83,Maharashtra,Kharif,drip,medium,chili
101,38,35,25.78,66.04,6.81,487.59,Maharashtra,Kharif,drip,medium,chili
96,54,60,25.35,56.87,6.48,589.53,Maharashtra,Kharif,drip,medium,chili
88,48,59,26.42,66.17,6.58,648.48,Maharashtra,Kharif,drip,medium,chili
84,51,61,27.42,66.04,6.38,423.46,Maharashtra,Kharif,drip,medium,chili
85,47,61,26.97,67.5,7.01,360.67,Maharashtra,Kharif,drip,medium,chili
72,37,61,23.49,66.46,6.52,510.35,Maharashtra,Kharif,drip,medium,chili
91,46,52,27.56,72.11,7.07,475.84,Maharashtra,Kharif,drip,medium,chili
85,46,68,26.42,69.72,6.95,551.47,Maharashtra,Kharif,drip,medium,chili
104,38,49,26.57,71.22,7.06,496.93,Maharashtra,Kharif,drip,medium,chili
102,43,49,24.51,65.97,6.66,566.89,Maharashtra,Kharif,drip,medium,chili
98,45,55,25.87,59.68,6.45,552.45,Maharashtra,Kharif,drip,medium,chili
91,38,64,29.05,71.12,6.86,519.08,Maharashtra,Kharif,drip,medium,chili
92,46,59,27.56,68.24,6.0,576.75,Maharashtra,Kharif,drip,medium,chili
94,38,56,26.95,60.48,6.59,426.27,Maharashtra,Kharif,drip,medium,chili
84,48,51,26.64,69.33,6.64,551.84,Maharashtra,Kharif,drip,medium,chili
105,49,59,27.78,68.01,6.96,421.75,Maharashtra,Kharif,drip,medium,chili
92,47,55,30.25,65.77,6.3,503.67,Maharashtra,Kharif,drip,medium,chili
100,41,55,26.39,66.27,6.6,573.13,Maharashtra,Kharif,drip,medium,chili
112,41,46,25.84,71.89,6.69,524.42,Maharashtra,Kharif,drip,medium,chili
84,54,53,26.87,63.45,6.53,499.76,Maharashtra,Kharif,drip,medium,chili
93,49,44,25.07,63.87,6.78,424.7,Maharashtra,Kharif,drip,medium,chili
92,42,54,25.34,62.62,6.82,574.2,Maharashtra,Kharif,drip,medium,chili
100,51,63,26.26,73.67,6.94,436.68,Maharashtra,Kharif,drip,medium,chili
86,46,61,26.16,62.78,6.95,425.54,Maharashtra,Kharif,drip,medium,chili
95,45,46,29.17,66.56,6.45,503.24,Maharashtra,Kharif,drip,medium,chili
77,47,61,30.55,66.88,6.59,513.78,Maharashtra,Kharif,drip,medium,chili
106,48,61,27.64,68.44,6.4,402.91,Maharashtra,Kharif,drip,medium,chili
78,39,48,29.29,63.79,6.77,483.74,Maharashtra,Kharif,drip,medium,chili
94,45,47,27.4,63.89,6.57,479.57,Maharashtra,Kharif,drip,medium,chili
100,42,56,27.1,67.48,6.8,406.43,Maharashtra,Kharif,drip,medium,chili
94,40,43,25.81,64.51,7.49,565.08,Maharashtra,Kharif,drip,medium,chili
100,43,54,30.36,64.06,6.81,622.75,Maharashtra,Kharif,drip,medium,chili
86,46,55,25.17,69.47,6.47,551.72,Maharashtra,Kharif,drip,medium,chili
96,49,54,27.08,70.43,6.4,419.44,Maharashtra,Kharif,drip,medium,chili
98,49,56,27.88,65.11,7.07,495.16,Maharashtra,Kharif,drip,medium,chili
85,52,61,25.82,64.85,6.9,433.3,Maharashtra,Kharif,drip,medium,chili
95,44,56,23.47,63.02,6.81,570.17,Maharashtra,Kharif,drip,medium,chili
91,49,45,25.83,67.57,6.73,550.84,Maharashtra,Kharif,drip,medium,chili
90,44,59,25.69,63.02,6.87,435.75,Maharashtra,Kharif,drip,medium,chili
106,36,53,28.94,74.07,6.73,573.6,Maharashtra,Kharif,drip,medium,chili
100,43,58,25.21,60.51,6.88,537.54,Maharashtra,Kharif,drip,medium,chili
82,44,47,25.81,64.83,6.94,466.66,Maharashtra,Kharif,drip,medium,chili
81,54,58,27.84,68.83,6.99,529.1,Maharashtra,Kharif,drip,medium,chili
97,46,52,27.83,65.49,6.78,524.67,Maharashtra,Kharif,drip,medium,chili
97,40,56,24.97,67.18,6.94,619.99,Maharashtra,Kharif,drip,medium,chili
98,49,48,27.31,62.22,7.05,428.92,Maharashtra,Kharif,drip,medium,chili
84,49,66,28.09,65.14,6.5,471.48,Maharashtra,Kharif,drip,medium,chili
94,45,48,28.43,71.51,7.22,389.3,Maharashtra,Kharif,drip,medium,chili
85,46,55,25.83,63.22,6.5,635.08,Maharashtra,Kharif,drip,medium,chili
79,37,47,26.79,65.45,6.85,452.89,Maharashtra,Kharif,drip,medium,chili
93,45,65,29.17,65.92,6.96,510.82,Maharashtra,Kharif,drip,medium,chili
100,47,60,27.78,68.13,6.78,569.52,Maharashtra,Kharif,drip,medium,chili
91,42,45,27.14,69.15,6.32,459.08,Maharashtra,Kharif,drip,medium,chili
99,44,55,27.87,66.09,6.85,427.94,Maharashtra,Kharif,drip,medium,chili
96,38,46,25.74,68.6,6.76,447.38,Maharashtra,Kharif,drip,medium,chili
101,47,62,25.16,72.0,7.15,560.78,Maharashtra,Kharif,drip,medium,chili
97,47,57,24.44,64.21,6.72,431.31,Maharashtra,Kharif,drip,medium,chili
106,48,67,27.69,61.15,7.08,469.96,Maharashtra,Kharif,drip,medium,chili
105,53,64,28.11,68.16,6.75,625.67,Maharashtra,Kharif,drip,medium,chili
95,43,58,28.22,70.76,6.48,572.02,Maharashtra,Kharif,drip,medium,chili
99,43,50,28.65,72.36,7.14,412.81,Maharashtra,Kharif,drip,medium,chili
91,45,65,27.71,65.64,6.79,547.59,Maharashtra,Kharif,drip,medium,chili
99,53,65,28.37,63.57,6.57,433.95,Maharashtra,Kharif,drip,medium,chili
96,43,59,27.61,67.44,6.98,458.95,Maharashtra,Kharif,drip,medium,chili
79,42,61,29.31,72.29,6.71,566.29,Maharashtra,Kharif,drip,medium,chili
80,53,59,27.75,59.33,6.88,625.87,Maharashtra,Kharif,drip,medium,chili
96,45,54,25.49,67.03,6.46,533.31,Maharashtra,Kharif,drip,medium,chili
103,43,58,26.48,68.21,6.99,530.98,Maharashtra,Kharif,drip,medium,chili
101,48,61,27.05,67.96,6.94,498.51,Maharashtra,Kharif,drip,medium,chili
97,41,43,26.71,63.63,7.24,449.85,Maharashtra,Kharif,drip,medium,chili
100,42,55,24.89,62.03,6.83,476.46,Maharashtra,Kharif,drip,medium,chili
100,51,45,28.14,62.81,6.67,406.54,Maharashtra,Kharif,drip,medium,chili
80,35,52,26.59,65.08,6.3,369.54,Maharashtra,Kharif,drip,medium,chili
93,49,57,29.3,66.35,6.83,498.6,Maharashtra,Kharif,drip,medium,chili
85,44,61,27.82,67.87,7.15,530.5,Maharashtra,Kharif,drip,medium,chili
95,53,50,28.64,62.77,6.68,377.57,Maharashtra,Kharif,drip,medium,chili
95,52,49,26.08,65.65,6.7,430.14,Maharashtra,Kharif,drip,medium,chili
93,53,52,26.85,67.35,6.65,518.55,Maharashtra,Kharif,drip,medium,chili
89,47,55,24.39,59.6,6.22,472.66,Maharashtra,Kharif,drip,medium,chili
100,41,53,25.52,63.3,7.3,446.8,Maharashtra,Kharif,drip,medium,chili
80,41,55,25.64,67.6,6.57,460.8,Maharashtra,Kharif,drip,medium,chili
86,45,60,27.73,71.9,6.42,430.68,Maharashtra,Kharif,drip,medium,chili
84,45,48,25.47,69.12,7.02,546.2,Maharashtra,Kharif,drip,medium,chili
95,42,55,28.21,69.04,6.97,563.38,Maharashtra,Kharif,drip,medium,chili
89,48,52,27.39,71.2,7.14,539.65,Maharashtra,Kharif,drip,medium,chili
96,52,49,28.67,67.0,6.78,469.94,Maharashtra,Kharif,drip,medium,chili
82,52,58,25.95,67.84,6.67,386.35,Maharashtra,Kharif,drip,medium,chili
91,38,57,28.88,64.04,6.95,457.34,Maharashtra,Kharif,drip,medium,chili
92,41,59,28.52,67.24,6.88,535.58,Maharashtra,Kharif,drip,medium,chili
90,52,52,24.14,62.97,6.9,474.2,Maharashtra,Kharif,drip,medium,chili
93,44,56,28.14,72.35,6.51,562.14,Maharashtra,Kharif,drip,medium,chili
94,39,58,29.27,63.67,6.69,392.94,Maharashtra,Kharif,drip,medium,chili
91,46,68,25.1,70.2,6.83,648.94,Maharashtra,Kharif,drip,medium,chili
94,45,61,27.23,70.09,6.89,401.64,Maharashtra,Kharif,drip,medium,chili
97,47,50,26.93,59.46,6.81,545.65,Maharashtra,Kharif,drip,medium,chili
101,49,49,24.3,70.11,6.85,532.88,Maharashtra,Kharif,drip,medium,chili
108,37,67,25.66,69.66,6.75,476.96,Maharashtra,Kharif,drip,medium,chili
79,42,58,27.03,70.15,6.58,549.79,Maharashtra,Kharif,drip,medium,chili
93,48,58,25.79,67.47,6.87,552.43,Maharashtra,Kharif,drip,medium,chili
106,42,47,28.43,61.57,7.01,439.39,Maharashtra,Kharif,drip,medium,chili
87,45,45,25.04,60.09,6.92,499.23,Maharashtra,Kharif,drip,medium,chili
93,45,55,25.78,70.17,6.31,403.82,Maharashtra,Kharif,drip,medium,chili
105,46,42,26.98,60.41,7.08,561.34,Maharashtra,Kharif,drip,medium,chili
112,44,47,25.69,64.52,6.85,377.9,Maharashtra,Kharif,drip,medium,chili
92,40,52,28.57,70.34,6.93,542.43,Maharashtra,Kharif,drip,medium,chili
90,45,45,24.65,66.99,6.47,545.98,Maharashtra,Kharif,drip,medium,chili
92,44,51,27.18,69.1,6.53,465.04,Maharashtra,Kharif,drip,medium,chili
91,47,57,26.35,69.21,6.72,406.89,Maharashtra,Kharif,drip,medium,chili
105,50,46,26.77,71.49,6.67,551.44,Maharashtra,Kharif,drip,medium,chili
103,46,69,27.47,66.89,6.71,496.85,Maharashtra,Kharif,drip,medium,chili
87,39,49,26.29,69.58,6.83,511.27,Maharashtra,Kharif,drip,medium,chili
112,53,49,27.56,61.95,6.82,408.46,Maharashtra,Kharif,drip,medium,chili
87,48,52,24.88,63.86,6.51,527.5,Maharashtra,Kharif,drip,medium,chili
104,44,62,25.64,66.11,7.2,488.14,Maharashtra,Kharif,drip,medium,chili
102,41,55,25.21,66.75,6.81,550.44,Maharashtra,Kharif,drip,medium,chili
87,44,63,24.69,57.01,6.59,540.68,Maharashtra,Kharif,drip,medium,chili
93,40,55,25.95,60.5,6.66,549.65,Maharashtra,Kharif,drip,medium,chili
90,37,67,25.01,67.93,6.96,528.12,Maharashtra,Kharif,drip,medium,chili
90,36,63,24.75,70.23,7.03,418.58,Maharashtra,Kharif,drip,medium,chili
81,43,61,25.6,66.86,6.62,552.38,Maharashtra,Kharif,drip,medium,chili
87,41,48,24.91,70.58,6.66,436.6,Maharashtra,Kharif,drip,medium,chili
77,44,50,24.98,63.53,6.78,422.6,Maharashtra,Kharif,drip,medium,chili
90,49,51,24.9,70.55,6.73,488.36,Maharashtra,Kharif,drip,medium,chili
97,45,55,24.14,63.28,7.22,430.65,Maharashtra,Kharif,drip,medium,chili
93,54,60,26.94,63.43,6.59,479.39,Maharashtra,Kharif,drip,medium,chili
96,51,56,25.64,66.13,6.88,522.46,Maharashtra,Kharif,drip,medium,chili
90,39,62,26.11,67.44,6.58,453.18,Maharashtra,Kharif,drip,medium,chili
97,39,47,28.76,69.67,6.85,428.5,Maharashtra,Kharif,drip,medium,chili
95,45,52,26.37,61.01,6.23,519.8,Maharashtra,Kharif,drip,medium,chili
94,46,60,27.27,72.19,7.04,503.9,Maharashtra,Kharif,drip,medium,chili
94,46,45,27.88,68.74,6.34,603.3,Maharashtra,Kharif,drip,medium,chili
89,44,54,26.24,75.68,6.68,478.37,Maharashtra,Kharif,drip,medium,chili
93,41,57,25.27,68.42,6.49,460.85,Maharashtra,Kharif,drip,medium,chili
83,42,43,22.83,65.27,6.37,615.59,Maharashtra,Kharif,drip,medium,chili
89,49,57,24.91,64.89,6.94,545.03,Maharashtra,Kharif,drip,medium,chili
100,42,59,25.59,70.38,7.0,408.4,Maharashtra,Kharif,drip,medium,chili
95,40,61,24.81,67.74,6.93,504.48,Maharashtra,Kharif,drip,medium,chili
100,46,65,24.85,65.03,6.27,480.23,Maharashtra,Kharif,drip,medium,chili
82,38,45,25.79,67.47,6.87,566.8,Maharashtra,Kharif,drip,medium,chili
101,39,50,26.79,67.3,7.1,480.8,Maharashtra,Kharif,drip,medium,chili
100,44,57,27.08,66.41,6.51,518.44,Maharashtra,Kharif,drip,medium,chili
98,46,37,26.24,69.1,6.51,571.07,Maharashtra,Kharif,drip,medium,chili
87,43,56,25.12,70.0,7.07,426.66,Maharashtra,Kharif,drip,medium,chili
91,54,62,24.08,70.97,6.0,540.98,Maharashtra,Kharif,drip,medium,chili
85,47,57,26.7,68.75,6.63,460.07,Maharashtra,Kharif,drip,medium,chili
101,45,51,26.23,65.49,6.66,529.54,Maharashtra,Kharif,drip,medium,chili
85,53,56,23.75,67.55,6.52,498.17,Maharashtra,Kharif,drip,medium,chili
91,48,59,26.83,73.82,6.57,591.04,Maharashtra,Kharif,drip,medium,chili
105,47,58,27.93,65.29,6.62,469.73,Maharashtra,Kharif,drip,medium,chili
95,43,50,24.95,62.73,6.59,458.87,Maharashtra,Kharif,drip,medium,chili
93,41,58,29.45,71.29,6.48,480.06,Maharashtra,Kharif,drip,medium,chili
81,46,57,26.76,62.48,6.59,563.72,Maharashtra,Kharif,drip,medium,chili
96,41,46,26.39,66.03,6.43,479.45,Maharashtra,Kharif,drip,medium,chili
88,42,52,26.91,66.84,7.06,513.19,Maharashtra,Kharif,drip,medium,chili
100,38,56,25.94,69.27,6.81,605.01,Maharashtra,Kharif,drip,medium,chili
84,41,57,26.31,62.88,6.84,466.98,Maharashtra,Kharif,drip,medium,chili
97,37,53,26.74,67.15,6.92,483.7,Maharashtra,Kharif,drip,medium,chili
97,45,60,24.19,56.52,7.06,462.1,Maharashtra,Kharif,drip,medium,chili
77,44,52,27.05,68.39,6.65,561.93,Maharashtra,Kharif,drip,medium,chili
81,33,56,26.11,59.24,6.9,386.78,Maharashtra,Kharif,drip,medium,chili
91,49,57,26.8,64.68,6.79,533.9,Maharashtra,Kharif,drip,medium,chili
87,39,60,29.28,72.23,6.09,583.43,Maharashtra,Kharif,drip,medium,chili
87,54,48,24.81,66.31,6.65,476.53,Maharashtra,Kharif,drip,medium,chili
101,51,49,28.96,61.78,6.6,668.9,Maharashtra,Kharif,drip,medium,chili
96,42,57,27.56,67.79,7.07,442.32,Maharashtra,Kharif,drip,medium,chili
87,41,49,26.56,62.42,6.82,542.18,Maharashtra,Kharif,drip,medium,chili
81,42,52,26.17,65.87,6.98,565.31,Maharashtra,Kharif,drip,medium,chili
85,48,64,28.31,67.29,6.74,406.43,Maharashtra,Kharif,drip,medium,chili
89,38,63,26.1,66.17,6.6,405.98,Maharashtra,Kharif,drip,medium,chili
99,48,61,23.87,71.56,6.72,551.82,Maharashtra,Kharif,drip,medium,chili
68,47,55,26.17,66.12,6.6,405.85,Maharashtra,Kharif,drip,medium,chili
81,45,64,28.16,67.38,6.63,637.54,Maharashtra,Kharif,drip,medium,chili
99,48,46,26.88,61.75,7.27,443.93,Maharashtra,Kharif,drip,medium,chili
87,42,53,27.51,66.51,6.76,547.94,Maharashtra,Kharif,drip,medium,chili
79,49,56,25.45,67.01,6.78,325.07,Maharashtra,Kharif,drip,medium,chili
105,51,46,25.37,71.69,6.92,525.92,Maharashtra,Kharif,drip,medium,chili
96,47,48,25.65,70.32,6.91,518.93,Maharashtra,Kharif,drip,medium,chili
87,50,49,28.72,63.72,6.53,502.01,Maharashtra,Kharif,drip,medium,chili
94,45,46,27.13,70.25,6.73,396.92,Maharashtra,Kharif,drip,medium,chili
91,39,42,25.68,72.73,6.73,481.8,Maharashtra,Kharif,drip,medium,chili
99,48,45,29.3,67.26,6.98,460.33,Maharashtra,Kharif,drip,medium,chili
75,44,48,28.26,61.07,6.76,539.96,Maharashtra,Kharif,drip,medium,chili
96,42,43,24.24,63.6,6.4,494.97,Maharashtra,Kharif,drip,medium,chili
86,39,46,24.11,66.28,6.57,501.72,Maharashtra,Kharif,drip,medium,chili
92,44,59,24.29,69.0,6.85,486.81,Maharashtra,Kharif,drip,medium,chili
85,45,58,24.4,68.84,7.18,495.67,Maharashtra,Kharif,drip,medium,chili
104,47,57,25.45,65.19,6.5,562.88,Maharashtra,Kharif,drip,medium,chili
86,54,58,27.09,61.43,6.92,485.31,Maharashtra,Kharif,drip,medium,chili
87,42,47,26.51,65.86,6.42,534.32,Maharashtra,Kharif,drip,medium,chili
112,38,54,28.99,63.52,6.86,526.17,Maharashtra,Kharif,drip,medium,chili
99,54,43,26.79,64.58,6.74,503.0,Maharashtra,Kharif,drip,medium,chili
90,40,48,29.69,61.2,7.06,431.0,Maharashtra,Kharif,drip,medium,chili
93,55,60,24.34,65.21,6.74,568.7,Maharashtra,Kharif,drip,medium,chili
93,44,66,28.87,69.18,6.59,323.25,Maharashtra,Kharif,drip,medium,chili
81,37,55,27.91,74.07,7.07,452.69,Maharashtra,Kharif,drip,medium,chili
95,47,45,25.19,64.85,7.28,525.76,Maharashtra,Kharif,drip,medium,chili
80,43,58,26.12,65.13,6.93,593.43,Maharashtra,Kharif,drip,medium,chili
104,43,54,26.04,70.55,6.65,371.77,Maharashtra,Kharif,drip,medium,chili
97,48,52,29.28,64.42,7.1,410.73,Maharashtra,Kharif,drip,medium,chili
95,41,55,27.64,64.32,6.58,485.16,Maharashtra,Kharif,drip,medium,chili
120,46,56,27.15,59.92,6.98,547.42,Maharashtra,Kharif,drip,medium,chili
76,57,55,24.82,67.7,6.52,392.64,Maharashtra,Kharif,drip,medium,chili
90,44,45,25.33,62.54,6.66,543.18,Maharashtra,Kharif,drip,medium,chili
94,45,43,26.46,62.33,6.32,558.51,Maharashtra,Kharif,drip,medium,chili
80,45,52,25.07,71.18,6.6,464.5,Maharashtra,Kharif,drip,medium,chili
86,46,54,25.45,62.96,6.74,456.64,Maharashtra,Kharif,drip,medium,chili
108,42,57,26.36,65.39,6.97,538.68,Maharashtra,Kharif,drip,medium,chili
98,48,44,27.16,65.55,6.62,700.0,Maharashtra,Kharif,drip,medium,chili
79,45,54,26.38,62.61,6.81,425.08,Maharashtra,Kharif,drip,medium,chili
95,46,53,26.39,72.57,6.89,511.53,Maharashtra,Kharif,drip,medium,chili
96,45,59,25.59,74.97,6.8,688.42,Maharashtra,Kharif,drip,medium,chili
113,42,57,27.05,70.08,6.78,580.46,Maharashtra,Kharif,drip,medium,chili
76,42,54,25.5,59.86,6.97,426.2,Maharashtra,Kharif,drip,medium,chili
86,49,63,25.65,62.53,6.55,574.31,Maharashtra,Kharif,drip,medium,chili
103,47,57,24.52,68.28,6.95,511.03,Maharashtra,Kharif,drip,medium,chili
94,40,63,24.46,66.44,6.86,576.07,Maharashtra,Kharif,drip,medium,chili
102,51,53,29.99,70.67,6.66,480.77,Maharashtra,Kharif,drip,medium,chili
99,43,46,26.62,57.79,6.84,542.53,Maharashtra,Kharif,drip,medium,chili
90,51,61,24.97,66.67,6.62,478.46,Maharashtra,Kharif,drip,medium,chili
103,48,50,26.84,63.6,6.63,602.61,Maharashtra,Kharif,drip,medium,chili
116,54,57,26.78,70.41,6.78,404.94,Maharashtra,Kharif,drip,medium,chili
109,39,63,27.64,73.63,6.97,460.81,Maharashtra,Kharif,drip,medium,chili
102,43,48,23.75,66.03,6.33,595.77,Maharashtra,Kharif,drip,medium,chili
78,43,53,26.76,63.18,7.03,510.87,Maharashtra,Kharif,drip,medium,chili
92,42,59,28.6,76.83,6.51,490.9,Maharashtra,Kharif,drip,medium,chili
75,48,46,26.91,71.23,6.65,437.86,Maharashtra,Kharif,drip,medium,chili
105,49,47,23.23,50.23,7.02,152.87,Maharashtra,Rabi,drip,medium,chili
107,40,57,22.98,54.48,6.61,97.48,Maharashtra,Rabi,drip,medium,chili
99,45,49,22.16,49.02,6.29,174.24,Maharashtra,Rabi,drip,medium,chili
98,38,72,21.12,56.24,6.75,120.53,Maharashtra,Rabi,drip,medium,chili
96,44,51,25.2,55.89,6.93,144.98,Maharashtra,Rabi,drip,medium,chili
96,45,58,21.38,44.4,7.09,149.66,Maharashtra,Rabi,drip,medium,chili
98,42,54,25.53,54.89,7.3,170.8,Maharashtra,Rabi,drip,medium,chili
86,47,66,23.37,55.97,7.1,95.27,Maharashtra,Rabi,drip,medium,chili
99,52,50,24.74,53.48,6.33,168.45,Maharashtra,Rabi,drip,medium,chili
92,45,59,21.42,56.46,6.52,185.3,Maharashtra,Rabi,drip,medium,chili
103,53,58,22.29,50.74,6.55,145.97,Maharashtra,Rabi,drip,medium,chili
86,47,50,21.96,52.04,6.56,142.02,Maharashtra,Rabi,drip,medium,chili
98,41,47,22.7,49.13,7.08,133.7,Maharashtra,Rabi,drip,medium,chili
93,47,47,21.59,51.08,6.95,192.74,Maharashtra,Rabi,drip,medium,chili
110,51,47,21.54,58.82,7.13,168.57,Maharashtra,Rabi,drip,medium,chili
100,43,66,21.78,47.33,6.95,136.4,Maharashtra,Rabi,drip,medium,chili
81,49,43,23.76,51.79,7.15,160.67,Maharashtra,Rabi,drip,medium,chili
102,40,44,22.4,55.84,6.77,176.85,Maharashtra,Rabi,drip,medium,chili
98,40,58,23.29,58.37,6.52,134.52,Maharashtra,Rabi,drip,medium,chili
96,52,54,23.99,53.64,6.74,176.88,Maharashtra,Rabi,drip,medium,chili
94,43,52,22.49,50.85,6.69,151.37,Maharashtra,Rabi,drip,medium,chili
95,40,52,22.38,50.57,6.61,171.02,Maharashtra,Rabi,drip,medium,chili
105,43,50,22.86,53.82,6.92,140.75,Maharashtra,Rabi,drip,medium,chili
88,57,46,24.5,59.21,6.69,160.26,Maharashtra,Rabi,drip,medium,chili
77,45,63,23.2,53.65,7.18,169.11,Maharashtra,Rabi,drip,medium,chili
99,41,39,23.62,53.52,6.94,152.91,Maharashtra,Rabi,drip,medium,chili
93,45,48,19.92,50.11,6.47,148.93,Maharashtra,Rabi,drip,medium,chili
78,43,68,22.88,53.68,6.75,154.95,Maharashtra,Rabi,drip,medium,chili
88,44,51,20.51,58.0,6.53,187.35,Maharashtra,Rabi,drip,medium,chili
85,38,68,20.53,44.82,6.39,146.78,Maharashtra,Rabi,drip,medium,chili
80,42,41,24.81,55.11,6.43,95.97,Maharashtra,Rabi,drip,medium,chili
84,48,62,22.61,51.58,6.61,157.1,Maharashtra,Rabi,drip,medium,chili
101,44,53,24.3,59.23,6.68,151.98,Maharashtra,Rabi,drip,medium,chili
86,45,49,25.37,56.9,7.18,136.93,Maharashtra,Rabi,drip,medium,chili
111,46,54,25.1,49.59,6.76,146.35,Maharashtra,Rabi,drip,medium,chili
96,43,51,22.37,52.39,6.77,180.05,Maharashtra,Rabi,drip,medium,chili
73,49,52,22.7,49.33,6.76,140.87,Maharashtra,Rabi,drip,medium,chili
90,48,59,25.37,51.23,6.92,164.78,Maharashtra,Rabi,drip,medium,chili
93,53,51,23.25,54.67,6.45,179.52,Maharashtra,Rabi,drip,medium,chili
92,47,66,23.36,53.65,6.77,126.55,Maharashtra,Rabi,drip,medium,chili
89,44,56,25.3,57.06,6.6,149.45,Maharashtra,Rabi,drip,medium,chili
105,36,53,20.82,62.87,6.94,138.42,Maharashtra,Rabi,drip,medium,chili
92,41,68,19.18,54.76,6.73,126.0,Maharashtra,Rabi,drip,medium,chili
90,37,65,23.04,57.01,6.63,181.37,Maharashtra,Rabi,drip,medium,chili
93,50,59,22.94,57.33,7.5,123.61,Maharashtra,Rabi,drip,medium,chili
91,39,58,23.38,60.95,6.69,172.21,Maharashtra,Rabi,drip,medium,chili
73,46,49,23.99,57.91,6.6,162.61,Maharashtra,Rabi,drip,medium,chili
89,45,58,21.33,49.67,6.97,134.19,Maharashtra,Rabi,drip,medium,chili
104,36,61,23.01,53.14,6.79,116.26,Maharashtra,Rabi,drip,medium,chili
103,43,49,26.61,52.16,6.53,168.97,Maharashtra,Rabi,drip,medium,chili
95,50,56,24.59,61.37,6.56,139.29,Maharashtra,Rabi,drip,medium,chili
78,47,56,25.1,53.39,6.73,154.57,Maharashtra,Rabi,drip,medium,chili
90,47,57,23.9,52.63,6.89,164.4,Maharashtra,Rabi,drip,medium,chili
90,45,54,20.95,51.64,6.94,169.74,Maharashtra,Rabi,drip,medium,chili
96,40,62,26.09,55.77,6.75,129.84,Maharashtra,Rabi,drip,medium,chili
92,43,54,25.15,56.89,6.66,152.05,Maharashtra,Rabi,drip,medium,chili
92,43,46,24.38,58.03,6.6,134.76,Maharashtra,Rabi,drip,medium,chili
101,42,46,22.26,58.7,6.62,134.87,Maharashtra,Rabi,drip,medium,chili
88,39,46,22.56,48.12,6.65,156.15,Maharashtra,Rabi,drip,medium,chili
96,44,47,22.31,54.82,6.91,143.63,Maharashtra,Rabi,drip,medium,chili
86,45,53,21.3,54.68,6.75,124.16,Maharashtra,Rabi,drip,medium,chili
87,44,45,21.79,55.92,6.63,131.37,Maharashtra,Rabi,drip,medium,chili
102,47,60,21.69,52.41,6.75,155.29,Maharashtra,Rabi,drip,medium,chili
113,45,62,26.81,60.08,6.79,176.78,Maharashtra,Rabi,drip,medium,chili
94,45,61,24.47,55.44,6.71,138.73,Maharashtra,Rabi,drip,medium,chili
81,46,57,24.38,47.91,6.78,145.28,Maharashtra,Rabi,drip,medium,chili
92,51,64,24.69,53.86,6.7,178.09,Maharashtra,Rabi,drip,medium,chili
108,53,58,23.07,56.15,6.94,140.66,Maharashtra,Rabi,drip,medium,chili
91,60,52,24.42,51.53,6.72,128.49,Maharashtra,Rabi,drip,medium,chili
84,48,58,26.07,53.6,6.79,149.0,Maharashtra,Rabi,drip,medium,chili
84,48,54,20.61,57.74,6.61,157.71,Maharashtra,Rabi,drip,medium,chili
96,46,48,25.33,50.71,6.14,169.8,Maharashtra,Rabi,drip,medium,chili
100,39,55,24.8,58.91,6.9,169.29,Maharashtra,Rabi,drip,medium,chili
99,44,48,22.56,57.81,7.03,154.75,Maharashtra,Rabi,drip,medium,chili
89,54,56,24.06,48.87,6.74,175.34,Maharashtra,Rabi,drip,medium,chili
80,45,58,25.38,57.24,7.17,169.41,Maharashtra,Rabi,drip,medium,chili
101,40,48,25.8,51.76,6.61,96.16,Maharashtra,Rabi,drip,medium,chili
102,39,50,24.82,45.03,7.09,130.65,Maharashtra,Rabi,drip,medium,chili
91,41,46,21.74,50.33,6.44,185.99,Maharashtra,Rabi,drip,medium,chili
84,36,41,23.73,46.85,6.71,195.96,Maharashtra,Rabi,drip,medium,chili
94,47,51,22.98,52.67,6.83,188.67,Maharashtra,Rabi,drip,medium,chili
89,41,54,24.6,52.2,6.82,161.93,Maharashtra,Rabi,drip,medium,chili
112,50,49,19.35,54.08,6.57,138.66,Maharashtra,Rabi,drip,medium,chili
83,42,51,22.81,50.92,6.57,162.37,Maharashtra,Rabi,drip,medium,chili
92,45,55,21.51,59.01,7.26,178.9,Maharashtra,Rabi,drip,medium,chili
76,42,60,21.75,50.81,6.41,141.55,Maharashtra,Rabi,drip,medium,chili
85,33,63,23.69,48.38,6.97,152.96,Maharashtra,Rabi,drip,medium,chili
103,49,50,24.11,56.23,7.01,173.27,Maharashtra,Rabi,drip,medium,chili
112,50,50,23.3,49.48,7.05,130.02,Maharashtra,Rabi,drip,medium,chili
113,44,55,22.23,50.75,6.62,155.41,Maharashtra,Rabi,drip,medium,chili
93,43,57,22.1,53.48,7.19,136.63,Maharashtra,Rabi,drip,medium,chili
90,39,53,23.62,51.47,6.47,158.43,Maharashtra,Rabi,drip,medium,chili
97,48,47,25.28,51.63,6.5,173.91,Maharashtra,Rabi,drip,medium,chili
105,43,49,23.74,48.39,7.39,125.92,Maharashtra,Rabi,drip,medium,chili
96,44,49,21.44,57.82,6.84,133.76,Maharashtra,Rabi,drip,medium,chili
87,41,61,24.54,55.52,6.81,164.62,Maharashtra,Rabi,drip,medium,chili
77,46,62,23.38,53.7,6.59,136.71,Maharashtra,Rabi,drip,medium,chili
88,46,52,19.96,56.56,6.88,158.29,Maharashtra,Rabi,drip,medium,chili
84,43,58,23.04,50.82,7.07,130.23,Maharashtra,Rabi,drip,medium,chili
65,45,56,23.1,55.04,6.61,173.94,Maharashtra,Rabi,drip,medium,chili
80,45,51,24.68,50.45,6.77,151.99,Maharashtra,Rabi,drip,medium,chili
94,41,57,23.05,54.82,7.14,152.71,Maharashtra,Rabi,drip,medium,chili
83,55,62,24.09,52.8,6.93,101.99,Maharashtra,Rabi,drip,medium,chili
107,49,54,24.45,55.87,6.5,154.17,Maharashtra,Rabi,drip,medium,chili
96,44,54,24.5,54.17,7.22,134.76,Maharashtra,Rabi,drip,medium,chili
96,40,60,21.14,54.6,7.05,151.21,Maharashtra,Rabi,drip,medium,chili
83,50,57,22.86,49.79,6.35,202.54,Maharashtra,Rabi,drip,medium,chili
87,40,57,21.3,55.41,7.09,125.32,Maharashtra,Rabi,drip,medium,chili
90,47,47,21.48,53.05,7.24,130.1,Maharashtra,Rabi,drip,medium,chili
90,57,60,20.18,52.6,6.9,183.76,Maharashtra,Rabi,drip,medium,chili
105,48,60,20.83,50.85,6.43,174.05,Maharashtra,Rabi,drip,medium,chili
96,46,65,23.9,57.86,6.94,169.92,Maharashtra,Rabi,drip,medium,chili
83,50,58,22.32,56.12,7.07,147.71,Maharashtra,Rabi,drip,medium,chili
86,41,46,22.72,55.76,7.18,131.2,Maharashtra,Rabi,drip,medium,chili
96,45,55,20.45,49.63,7.2,173.55,Maharashtra,Rabi,drip,medium,chili
95,47,60,22.25,51.94,6.6,153.94,Maharashtra,Rabi,drip,medium,chili
82,42,58,22.41,46.79,6.66,162.73,Maharashtra,Rabi,drip,medium,chili
94,37,62,22.59,54.8,7.01,147.11,Maharashtra,Rabi,drip,medium,chili
75,54,40,22.45,58.47,6.58,135.11,Maharashtra,Rabi,drip,medium,chili
91,44,49,21.94,57.62,6.62,161.72,Maharashtra,Rabi,drip,medium,chili
84,52,61,22.85,55.96,7.13,126.62,Maharashtra,Rabi,drip,medium,chili
83,47,46,20.41,47.35,6.79,102.51,Maharashtra,Rabi,drip,medium,chili
89,30,58,23.84,52.69,7.05,168.56,Maharashtra,Rabi,drip,medium,chili
85,41,61,24.14,52.47,6.31,171.68,Maharashtra,Rabi,drip,medium,chili
93,45,36,23.89,53.27,6.61,130.48,Maharashtra,Rabi,drip,medium,chili
94,47,52,23.93,49.08,6.59,166.01,Maharashtra,Rabi,drip,medium,chili
89,54,57,21.05,47.49,6.95,135.83,Maharashtra,Rabi,drip,medium,chili
101,42,57,22.44,54.48,6.93,150.45,Maharashtra,Rabi,drip,medium,chili
99,37,58,23.04,52.5,6.15,111.07,Maharashtra,Rabi,drip,medium,chili
95,47,58,22.99,48.91,6.49,100.79,Maharashtra,Rabi,drip,medium,chili
94,55,54,21.73,53.6,6.72,109.49,Maharashtra,Rabi,drip,medium,chili
95,44,54,26.31,53.11,7.21,130.7,Maharashtra,Rabi,drip,medium,chili
79,41,63,21.74,48.03,6.84,141.05,Maharashtra,Rabi,drip,medium,chili
98,42,49,25.77,50.31,6.54,160.77,Maharashtra,Rabi,drip,medium,chili
67,49,67,24.44,49.51,6.57,151.5,Maharashtra,Rabi,drip,medium,chili
96,53,65,22.64,51.46,6.55,165.04,Maharashtra,Rabi,drip,medium,chili
102,45,55,26.52,56.11,6.24,149.2,Maharashtra,Rabi,drip,medium,chili
94,44,63,22.45,49.73,6.57,165.74,Maharashtra,Rabi,drip,medium,chili
80,43,61,20.73,49.52,6.33,129.1,Maharashtra,Rabi,drip,medium,chili
88,44,49,22.36,57.26,6.83,199.8,Maharashtra,Rabi,drip,medium,chili
86,43,56,22.14,53.4,6.27,141.35,Maharashtra,Rabi,drip,medium,chili
101,55,65,23.21,55.34,6.83,137.07,Maharashtra,Rabi,drip,medium,chili
84,46,54,24.4,44.37,6.71,178.22,Maharashtra,Rabi,drip,medium,chili
98,40,46,22.92,56.51,6.88,152.69,Maharashtra,Rabi,drip,medium,chili
98,46,59,24.56,51.79,6.53,167.01,Maharashtra,Rabi,drip,medium,chili
88,35,65,23.42,54.3,6.7,169.53,Maharashtra,Rabi,drip,medium,chili
81,45,57,23.92,46.95,6.9,140.23,Maharashtra,Rabi,drip,medium,chili
87,37,70,22.79,54.44,6.49,114.31,Maharashtra,Rabi,drip,medium,chili
100,38,64,26.0,50.53,6.63,90.66,Maharashtra,Rabi,drip,medium,chili
77,48,63,21.7,51.08,6.35,123.63,Maharashtra,Rabi,drip,medium,chili
105,47,43,23.94,62.59,6.65,134.45,Maharashtra,Rabi,drip,medium,chili
98,50,60,22.47,51.89,6.32,121.31,Maharashtra,Rabi,drip,medium,chili
96,42,57,22.6,53.74,6.75,167.41,Maharashtra,Rabi,drip,medium,chili
100,45,54,22.94,50.49,7.02,136.89,Maharashtra,Rabi,drip,medium,chili
91,46,57,23.45,52.98,7.16,151.76,Maharashtra,Rabi,drip,medium,chili
90,54,50,25.99,45.85,6.65,111.04,Maharashtra,Rabi,drip,medium,chili
80,47,57,21.99,59.76,7.03,148.8,Maharashtra,Rabi,drip,medium,chili
76,50,52,23.49,56.56,6.65,179.84,Maharashtra,Rabi,drip,medium,chili
89,48,60,24.52,60.19,6.54,123.57,Maharashtra,Rabi,drip,medium,chili
90,60,64,22.08,52.17,6.75,156.37,Maharashtra,Rabi,drip,medium,chili
98,48,63,26.34,52.99,6.7,141.5,Maharashtra,Rabi,drip,medium,chili
90,47,59,25.88,50.78,6.84,130.38,Maharashtra,Rabi,drip,medium,chili
96,58,54,27.09,50.29,6.63,142.01,Maharashtra,Rabi,drip,medium,chili
94,44,60,18.42,49.74,7.22,117.16,Maharashtra,Rabi,drip,medium,chili
89,48,55,21.58,55.21,6.96,136.07,Maharashtra,Rabi,drip,medium,chili
96,49,62,23.62,60.05,6.76,127.06,Maharashtra,Rabi,drip,medium,chili
90,51,49,19.26,55.26,6.64,202.46,Maharashtra,Rabi,drip,medium,chili
95,51,52,23.99,54.92,7.09,154.46,Maharashtra,Rabi,drip,medium,chili
88,50,50,21.64,53.33,6.67,150.39,Maharashtra,Rabi,drip,medium,chili
86,51,62,24.38,56.31,6.29,152.71,Maharashtra,Rabi,drip,medium,chili
100,52,54,25.17,54.68,6.1,147.68,Maharashtra,Rabi,drip,medium,chili
85,42,62,23.5,51.51,6.58,160.22,Maharashtra,Rabi,drip,medium,chili
91,48,49,22.37,49.21,6.61,200.81,Maharashtra,Rabi,drip,medium,chili
86,43,50,22.69,53.22,7.05,140.53,Maharashtra,Rabi,drip,medium,chili
94,36,49,24.81,50.22,6.94,128.4,Maharashtra,Rabi,drip,medium,chili
91,54,60,19.75,65.0,6.49,193.55,Maharashtra,Rabi,drip,medium,chili
88,39,52,21.91,51.4,6.76,161.15,Maharashtra,Rabi,drip,medium,chili
106,46,56,21.8,52.43,6.62,117.96,Maharashtra,Rabi,drip,medium,chili
116,46,57,25.03,43.6,7.31,129.96,Maharashtra,Rabi,drip,medium,chili
84,42,62,26.57,59.78,6.63,108.04,Maharashtra,Rabi,drip,medium,chili
89,42,44,23.97,53.52,6.88,167.07,Maharashtra,Rabi,drip,medium,chili
99,45,66,22.18,51.05,6.69,162.55,Maharashtra,Rabi,drip,medium,chili
99,43,53,25.17,48.49,7.44,142.98,Maharashtra,Rabi,drip,medium,chili
91,47,59,21.91,54.8,6.52,136.03,Maharashtra,Rabi,drip,medium,chili
78,46,54,19.64,50.89,6.74,170.05,Maharashtra,Rabi,drip,medium,chili
81,43,48,24.21,50.94,6.88,141.64,Maharashtra,Rabi,drip,medium,chili
77,45,47,24.87,60.47,6.91,135.05,Maharashtra,Rabi,drip,medium,chili
93,46,62,22.69,55.06,6.33,155.64,Maharashtra,Rabi,drip,medium,chili
85,45,48,23.69,55.95,6.69,129.79,Maharashtra,Rabi,drip,medium,chili
98,53,68,23.66,54.57,6.42,180.66,Maharashtra,Rabi,drip,medium,chili
71,51,55,18.95,54.79,6.71,139.53,Maharashtra,Rabi,drip,medium,chili
90,45,55,20.54,55.04,6.66,187.03,Maharashtra,Rabi,drip,medium,chili
100,50,67,24.23,52.94,6.11,155.62,Maharashtra,Rabi,drip,medium,chili
108,49,52,23.1,51.37,6.83,138.09,Maharashtra,Rabi,drip,medium,chili
106,46,57,21.62,51.9,6.46,183.07,Maharashtra,Rabi,drip,medium,chili
88,46,45,20.95,52.54,6.67,155.71,Maharashtra,Rabi,drip,medium,chili
111,35,62,23.83,51.13,6.64,176.13,Maharashtra,Rabi,drip,medium,chili
92,43,48,21.61,48.84,6.97,131.7,Maharashtra,Rabi,drip,medium,chili
82,46,50,25.58,53.66,6.8,154.85,Maharashtra,Rabi,drip,medium,chili
98,49,55,21.31,52.91,6.76,111.92,Maharashtra,Rabi,drip,medium,chili
73,39,42,22.19,50.54,6.77,166.55,Maharashtra,Rabi,drip,medium,chili
95,47,61,22.46,43.51,6.31,161.63,Maharashtra,Rabi,drip,medium,chili
94,48,74,23.37,53.13,6.84,122.23,Maharashtra,Rabi,drip,medium,chili
99,44,66,20.33,53.52,6.59,125.12,Maharashtra,Rabi,drip,medium,chili
98,43,64,22.12,52.0,7.25,118.48,Maharashtra,Rabi,drip,medium,chili
85,30,52,24.15,55.07,6.79,129.55,Maharashtra,Rabi,drip,medium,chili
91,43,55,23.29,52.16,6.76,147.72,Maharashtra,Rabi,drip,medium,chili
86,45,46,23.3,49.24,6.74,160.86,Maharashtra,Rabi,drip,medium,chili
84,50,67,21.92,52.95,7.05,108.04,Maharashtra,Rabi,drip,medium,chili
93,43,61,22.59,55.23,6.54,172.2,Maharashtra,Rabi,drip,medium,chili
82,49,56,19.08,53.74,6.9,121.31,Maharashtra,Rabi,drip,medium,chili
85,45,52,23.55,52.7,6.42,204.33,Maharashtra,Rabi,drip,medium,chili
89,46,67,24.44,55.6,7.01,162.87,Maharashtra,Rabi,drip,medium,chili
98,48,54,24.79,56.09,6.18,169.85,Maharashtra,Rabi,drip,medium,chili
85,46,44,22.03,52.1,6.88,136.29,Maharashtra,Rabi,drip,medium,chili
73,43,52,24.06,54.07,6.56,156.46,Maharashtra,Rabi,drip,medium,chili
109,51,42,27.13,58.04,7.15,114.54,Maharashtra,Rabi,drip,medium,chili
89,48,48,23.88,59.76,6.67,189.75,Maharashtra,Rabi,drip,medium,chili
99,36,49,24.85,49.54,7.02,164.27,Maharashtra,Rabi,drip,medium,chili
95,42,57,25.8,52.0,6.9,196.81,Maharashtra,Rabi,drip,medium,chili
95,43,52,19.53,48.86,6.83,172.63,Maharashtra,Rabi,drip,medium,chili
89,50,61,21.72,51.22,6.41,167.36,Maharashtra,Rabi,drip,medium,chili
93,49,55,21.43,56.49,6.25,142.13,Maharashtra,Rabi,drip,medium,chili
85,53,67,23.71,51.28,7.18,133.7,Maharashtra,Rabi,drip,medium,chili
80,35,56,20.14,58.94,6.6,119.98,Maharashtra,Rabi,drip,medium,chili
103,49,66,20.17,46.18,7.14,84.52,Maharashtra,Rabi,drip,medium,chili
81,45,46,23.35,49.1,7.07,166.75,Maharashtra,Rabi,drip,medium,chili
95,43,48,22.78,48.78,7.23,157.45,Maharashtra,Rabi,drip,medium,chili
85,53,55,25.33,58.75,6.86,120.38,Maharashtra,Rabi,drip,medium,chili
87,60,51,22.57,51.69,6.52,166.43,Maharashtra,Rabi,drip,medium,chili
80,41,57,22.58,54.13,6.74,122.65,Maharashtra,Rabi,drip,medium,chili
106,51,49,23.79,51.62,7.02,170.04,Maharashtra,Rabi,drip,medium,chili
104,40,46,19.9,63.75,6.98,179.05,Maharashtra,Rabi,drip,medium,chili
79,48,44,23.76,53.58,6.68,137.35,Maharashtra,Rabi,drip,medium,chili
103,42,64,22.92,54.93,6.89,160.73,Maharashtra,Rabi,drip,medium,chili
95,56,63,18.74,52.7,7.12,131.03,Maharashtra,Rabi,drip,medium,chili
93,45,66,21.26,50.04,6.88,158.04,Maharashtra,Rabi,drip,medium,chili
97,47,54,23.93,54.29,6.69,148.52,Maharashtra,Rabi,drip,medium,chili
88,41,59,20.82,56.14,6.68,147.59,Maharashtra,Rabi,drip,medium,chili
91,48,65,26.01,57.52,6.77,168.65,Maharashtra,Rabi,drip,medium,chili
74,48,58,20.43,51.27,6.82,158.91,Maharashtra,Rabi,drip,medium,chili
101,53,54,21.1,56.65,7.07,179.58,Maharashtra,Rabi,drip,medium,chili
97,55,53,25.67,49.05,6.18,122.54,Maharashtra,Rabi,drip,medium,chili
87,45,49,23.21,55.98,6.84,146.79,Maharashtra,Rabi,drip,medium,chili
104,41,53,22.08,56.0,6.64,159.34,Maharashtra,Rabi,drip,medium,chili
100,42,44,22.62,50.45,6.59,92.34,Maharashtra,Rabi,drip,medium,chili
78,49,49,24.93,50.76,6.87,144.09,Maharashtra,Rabi,drip,medium,chili
98,44,56,25.05,55.31,6.58,106.29,Maharashtra,Rabi,drip,medium,chili
92,47,56,21.54,54.08,6.91,182.52,Maharashtra,Rabi,drip,medium,chili
90,57,65,23.28,54.5,7.1,127.52,Maharashtra,Rabi,drip,medium,chili
85,39,53,21.57,52.14,6.74,117.84,Maharashtra,Rabi,drip,medium,chili
105,51,52,25.47,54.99,7.02,118.35,Maharashtra,Rabi,drip,medium,chili
89,48,54,22.71,53.08,6.84,152.6,Maharashtra,Rabi,drip,medium,chili
107,40,56,24.17,48.73,6.66,154.06,Maharashtra,Rabi,drip,medium,chili
106,46,60,24.37,42.94,6.77,139.83,Maharashtra,Rabi,drip,medium,chili
106,48,61,23.87,53.9,6.96,149.5,Maharashtra,Rabi,drip,medium,chili
104,40,62,22.4,56.1,6.36,156.29,Maharashtra,Rabi,drip,medium,chili
91,45,43,23.05,54.0,6.3,123.15,Maharashtra,Rabi,drip,medium,chili
94,47,55,23.07,53.6,6.61,145.84,Maharashtra,Rabi,drip,medium,chili
80,42,55,25.06,53.03,7.27,195.03,Maharashtra,Rabi,drip,medium,chili
93,43,70,24.24,55.18,6.57,140.02,Maharashtra,Rabi,drip,medium,chili
83,52,58,22.48,51.69,6.5,148.37,Maharashtra,Rabi,drip,medium,chili
94,34,49,21.87,57.66,6.61,108.13,Maharashtra,Rabi,drip,medium,chili
82,54,53,21.27,47.08,6.76,153.03,Maharashtra,Rabi,drip,medium,chili
97,59,47,22.38,54.62,6.64,101.8,Maharashtra,Rabi,drip,medium,chili
97,42,48,21.51,59.45,7.07,124.54,Maharashtra,Rabi,drip,medium,chili
77,49,69,26.89,48.07,7.09,149.87,Maharashtra,Rabi,drip,medium,chili
75,41,50,23.79,48.26,6.99,161.09,Maharashtra,Rabi,drip,medium,chili
102,42,58,21.27,56.09,6.69,146.75,Maharashtra,Rabi,drip,medium,chili
92,36,63,23.14,58.08,7.03,131.02,Maharashtra,Rabi,drip,medium,chili
90,37,63,23.54,54.27,6.68,127.37,Maharashtra,Rabi,drip,medium,chili
104,55,64,22.72,55.0,7.02,152.2,Maharashtra,Rabi,drip,medium,chili
110,51,74,23.32,44.24,6.77,141.14,Maharashtra,Rabi,drip,medium,chili
94,54,51,21.61,51.02,7.29,139.25,Maharashtra,Rabi,drip,medium,chili
95,54,59,19.24,51.65,6.59,109.34,Maharashtra,Rabi,drip,medium,chili
88,31,57,23.01,50.79,6.3,182.54,Maharashtra,Rabi,drip,medium,chili
87,50,54,25.43,55.74,6.78,130.41,Maharashtra,Rabi,drip,medium,chili
104,44,50,22.74,53.32,6.97,106.08,Maharashtra,Rabi,drip,medium,chili
114,47,55,23.74,47.63,6.78,165.17,Maharashtra,Rabi,drip,medium,chili
90,48,60,21.79,58.29,6.73,194.49,Maharashtra,Rabi,drip,medium,chili
105,47,50,22.81,57.36,6.61,160.11,Maharashtra,Rabi,drip,medium,chili
98,44,50,25.66,55.32,6.67,131.56,Maharashtra,Rabi,drip,medium,chili
101,45,62,21.46,54.66,6.63,190.63,Maharashtra,Rabi,drip,medium,chili
96,40,61,25.06,52.21,6.55,98.6,Maharashtra,Rabi,drip,medium,chili
103,36,55,20.12,60.4,7.08,157.0,Maharashtra,Rabi,drip,medium,chili
102,44,50,20.21,56.54,6.5,208.95,Maharashtra,Rabi,drip,medium,chili
82,50,64,20.77,51.78,6.69,220.0,Maharashtra,Rabi,drip,medium,chili
90,39,58,21.25,53.26,6.64,162.09,Maharashtra,Rabi,drip,medium,chili
87,42,62,23.48,53.61,6.27,164.51,Maharashtra,Rabi,drip,medium,chili
88,46,43,23.46,54.24,6.69,129.33,Maharashtra,Rabi,drip,medium,chili
103,41,61,24.75,50.31,6.94,139.97,Maharashtra,Rabi,drip,medium,chili
98,40,54,23.13,53.39,6.85,131.13,Maharashtra,Rabi,drip,medium,chili
87,49,52,22.17,50.27,6.63,126.04,Maharashtra,Rabi,drip,medium,chili
99,43,48,22.66,48.15,6.54,181.6,Maharashtra,Rabi,drip,medium,chili
83,44,70,23.42,51.54,6.25,153.89,Maharashtra,Rabi,drip,medium,chili
85,48,50,23.46,59.04,6.92,119.24,Maharashtra,Rabi,drip,medium,chili
93,50,45,25.81,54.04,6.89,141.98,Maharashtra,Rabi,drip,medium,chili
93,41,65,25.99,61.73,6.31,157.69,Maharashtra,Rabi,drip,medium,chili
96,41,57,20.61,59.14,6.37,155.84,Maharashtra,Rabi,drip,medium,chili
100,42,64,19.96,53.38,6.33,131.96,Maharashtra,Rabi,drip,medium,chili
107,39,51,30.7,61.09,7.06,718.4,Maharashtra,Kharif,borewell,medium,cotton
77,41,49,29.65,59.55,6.74,694.01,Maharashtra,Kharif,borewell,medium,cotton
99,47,57,28.46,63.3,6.88,739.2,Maharashtra,Kharif,borewell,medium,cotton
82,59,38,32.07,62.87,7.18,788.97,Maharashtra,Kharif,borewell,medium,cotton
99,43,51,32.3,58.8,7.71,725.71,Maharashtra,Kharif,borewell,medium,cotton
86,42,46,26.57,60.77,6.91,628.37,Maharashtra,Kharif,borewell,medium,cotton
97,46,44,29.01,63.98,7.02,653.27,Maharashtra,Kharif,borewell,medium,cotton
91,47,41,29.07,64.91,7.19,684.67,Maharashtra,Kharif,borewell,medium,cotton
97,42,42,29.12,68.74,7.05,681.64,Maharashtra,Kharif,borewell,medium,cotton
105,46,61,28.73,58.28,6.94,683.39,Maharashtra,Kharif,borewell,medium,cotton
82,63,49,30.2,60.58,6.81,768.37,Maharashtra,Kharif,borewell,medium,cotton
73,41,46,31.53,60.94,7.14,701.85,Maharashtra,Kharif,borewell,medium,cotton
103,38,52,29.2,66.35,6.73,701.63,Maharashtra,Kharif,borewell,medium,cotton
89,42,40,28.63,63.04,6.75,678.0,Maharashtra,Kharif,borewell,medium,cotton
71,45,53,30.56,62.14,7.08,644.78,Maharashtra,Kharif,borewell,medium,cotton
106,60,48,33.39,59.67,6.58,652.69,Maharashtra,Kharif,borewell,medium,cotton
88,61,46,28.21,58.76,7.38,766.49,Maharashtra,Kharif,borewell,medium,cotton
85,37,41,32.08,65.37,7.02,824.59,Maharashtra,Kharif,borewell,medium,cotton
110,47,47,28.63,61.31,6.5,600.64,Maharashtra,Kharif,borewell,medium,cotton
73,54,38,32.42,59.46,7.58,675.66,Maharashtra,Kharif,borewell,medium,cotton
74,55,56,28.14,61.12,6.7,691.96,Maharashtra,Kharif,borewell,medium,cotton
91,45,37,28.63,65.43,6.93,678.17,Maharashtra,Kharif,borewell,medium,cotton
81,44,56,27.79,65.5,7.02,716.32,Maharashtra,Kharif,borewell,medium,cotton
83,45,47,28.72,63.88,7.15,844.85,Maharashtra,Kharif,borewell,medium,cotton
93,36,54,29.19,70.88,7.49,666.32,Maharashtra,Kharif,borewell,medium,cotton
97,44,48,30.51,67.14,7.3,705.0,Maharashtra,Kharif,borewell,medium,cotton
115,45,38,27.38,68.64,6.97,710.6,Maharashtra,Kharif,borewell,medium,cotton
85,45,43,30.21,62.09,7.15,722.63,Maharashtra,Kharif,borewell,medium,cotton
86,39,38,34.0,68.66,7.45,655.03,Maharashtra,Kharif,borewell,medium,cotton
90,43,40,28.62,68.03,7.28,635.33,Maharashtra,Kharif,borewell,medium,cotton
87,52,44,29.62,64.17,7.13,716.94,Maharashtra,Kharif,borewell,medium,cotton
83,44,41,27.16,62.02,7.27,607.98,Maharashtra,Kharif,borewell,medium,cotton
93,52,37,29.09,69.36,7.18,575.3,Maharashtra,Kharif,borewell,medium,cotton
97,43,52,28.46,62.28,6.82,700.21,Maharashtra,Kharif,borewell,medium,cotton
84,46,41,30.24,63.23,6.46,766.19,Maharashtra,Kharif,borewell,medium,cotton
88,48,52,29.99,67.36,6.9,768.96,Maharashtra,Kharif,borewell,medium,cotton
91,50,50,31.36,65.51,6.85,657.25,Maharashtra,Kharif,borewell,medium,cotton
90,43,41,26.31,56.04,7.66,656.23,Maharashtra,Kharif,borewell,medium,cotton
109,50,47,27.25,62.52,7.63,803.84,Maharashtra,Kharif,borewell,medium,cotton
93,41,42,28.22,67.83,7.54,713.06,Maharashtra,Kharif,borewell,medium,cotton
87,57,42,29.58,64.43,6.71,657.61,Maharashtra,Kharif,borewell,medium,cotton
83,56,59,29.67,61.38,6.8,700.12,Maharashtra,Kharif,borewell,medium,cotton
84,47,50,28.89,61.71,6.94,678.83,Maharashtra,Kharif,borewell,medium,cotton
86,52,37,31.86,63.06,7.2,748.34,Maharashtra,Kharif,borewell,medium,cotton
83,42,41,29.13,65.41,6.81,740.53,Maharashtra,Kharif,borewell,medium,cotton
66,45,54,29.24,59.05,6.78,500.0,Maharashtra,Kharif,borewell,medium,cotton
80,54,44,28.8,52.78,6.46,779.34,Maharashtra,Kharif,borewell,medium,cotton
96,40,44,29.46,57.52,6.33,689.39,Maharashtra,Kharif,borewell,medium,cotton
96,51,53,27.17,62.74,6.91,694.19,Maharashtra,Kharif,borewell,medium,cotton
88,44,30,31.24,63.87,6.51,731.54,Maharashtra,Kharif,borewell,medium,cotton
86,45,43,30.31,59.17,6.63,775.45,Maharashtra,Kharif,borewell,medium,cotton
88,47,52,28.5,60.55,7.1,597.24,Maharashtra,Kharif,borewell,medium,cotton
92,43,52,30.32,64.23,6.46,693.11,Maharashtra,Kharif,borewell,medium,cotton
78,47,34,27.19,67.45,7.12,676.41,Maharashtra,Kharif,borewell,medium,cotton
81,41,49,28.98,68.94,6.94,703.91,Maharashtra,Kharif,borewell,medium,cotton
76,45,49,28.94,60.48,7.11,800.99,Maharashtra,Kharif,borewell,medium,cotton
91,54,51,31.13,59.96,6.93,686.48,Maharashtra,Kharif,borewell,medium,cotton
95,52,48,30.82,60.15,7.3,767.72,Maharashtra,Kharif,borewell,medium,cotton
97,48,52,28.16,63.33,7.1,611.37,Maharashtra,Kharif,borewell,medium,cotton
95,40,45,29.56,59.46,7.03,704.44,Maharashtra,Kharif,borewell,medium,cotton
82,51,43,32.93,62.04,6.61,634.38,Maharashtra,Kharif,borewell,medium,cotton
101,45,40,30.78,60.77,7.22,762.37,Maharashtra,Kharif,borewell,medium,cotton
93,61,37,28.27,61.43,7.75,819.87,Maharashtra,Kharif,borewell,medium,cotton
103,43,44,28.26,59.24,7.5,683.75,Maharashtra,Kharif,borewell,medium,cotton
89,52,38,29.58,57.93,6.9,660.91,Maharashtra,Kharif,borewell,medium,cotton
84,49,49,29.17,64.04,6.71,745.44,Maharashtra,Kharif,borewell,medium,cotton
88,45,43,29.14,70.29,6.98,623.71,Maharashtra,Kharif,borewell,medium,cotton
99,45,49,28.59,67.84,6.8,793.19,Maharashtra,Kharif,borewell,medium,cotton
80,46,56,29.75,71.96,6.91,717.14,Maharashtra,Kharif,borewell,medium,cotton
109,39,38,28.31,65.89,6.46,739.8,Maharashtra,Kharif,borewell,medium,cotton
95,59,54,30.05,68.16,7.18,669.33,Maharashtra,Kharif,borewell,medium,cotton
79,44,47,29.76,53.6,6.93,701.91,Maharashtra,Kharif,borewell,medium,cotton
95,57,49,28.14,54.92,7.23,642.06,Maharashtra,Kharif,borewell,medium,cotton
99,56,38,30.33,67.89,7.34,560.24,Maharashtra,Kharif,borewell,medium,cotton
81,40,51,30.12,51.26,6.9,753.38,Maharashtra,Kharif,borewell,medium,cotton
91,48,45,27.91,62.43,7.02,741.02,Maharashtra,Kharif,borewell,medium,cotton
97,48,54,28.94,56.48,7.16,708.43,Maharashtra,Kharif,borewell,medium,cotton
95,40,58,30.57,61.3,6.69,771.81,Maharashtra,Kharif,borewell,medium,cotton
79,61,44,32.08,61.73,7.53,651.01,Maharashtra,Kharif,borewell,medium,cotton
90,52,51,31.15,60.47,7.03,783.23,Maharashtra,Kharif,borewell,medium,cotton
83,51,46,29.81,62.85,6.74,682.62,Maharashtra,Kharif,borewell,medium,cotton
91,47,57,31.01,63.71,6.75,645.07,Maharashtra,Kharif,borewell,medium,cotton
110,42,48,30.04,61.2,6.67,647.67,Maharashtra,Kharif,borewell,medium,cotton
85,43,55,29.49,60.32,7.04,744.53,Maharashtra,Kharif,borewell,medium,cotton
87,53,40,31.26,62.46,6.98,653.8,Maharashtra,Kharif,borewell,medium,cotton
78,38,43,30.38,58.49,6.48,639.4,Maharashtra,Kharif,borewell,medium,cotton
86,45,47,31.05,67.71,7.67,591.67,Maharashtra,Kharif,borewell,medium,cotton
81,52,45,30.79,63.36,7.53,769.51,Maharashtra,Kharif,borewell,medium,cotton
101,45,47,29.04,56.23,7.49,749.69,Maharashtra,Kharif,borewell,medium,cotton
87,55,44,26.74,66.7,6.57,686.95,Maharashtra,Kharif,borewell,medium,cotton
92,50,52,30.37,64.79,6.74,719.62,Maharashtra,Kharif,borewell,medium,cotton
75,57,39,28.98,57.0,6.76,700.9,Maharashtra,Kharif,borewell,medium,cotton
85,54,49,28.81,61.94,7.41,760.59,Maharashtra,Kharif,borewell,medium,cotton
79,44,50,30.03,58.12,7.25,640.61,Maharashtra,Kharif,borewell,medium,cotton
103,51,41,28.71,60.22,7.05,686.4,Maharashtra,Kharif,borewell,medium,cotton
79,39,51,29.93,62.94,7.09,658.74,Maharashtra,Kharif,borewell,medium,cotton
92,62,54,29.07,60.32,6.05,771.25,Maharashtra,Kharif,borewell,medium,cotton
98,44,39,27.77,64.35,6.97,746.11,Maharashtra,Kharif,borewell,medium,cotton
91,53,50,30.74,53.79,6.59,675.71,Maharashtra,Kharif,borewell,medium,cotton
101,58,47,28.58,54.35,7.29,663.32,Maharashtra,Kharif,borewell,medium,cotton
120,43,60,30.62,58.22,7.08,751.43,Maharashtra,Kharif,borewell,medium,cotton
88,52,52,30.39,62.43,6.61,694.88,Maharashtra,Kharif,borewell,medium,cotton
92,37,48,29.35,57.1,6.89,679.21,Maharashtra,Kharif,borewell,medium,cotton
109,49,54,29.32,54.69,7.22,656.12,Maharashtra,Kharif,borewell,medium,cotton
87,41,48,31.1,66.39,7.53,815.2,Maharashtra,Kharif,borewell,medium,cotton
70,41,37,30.45,59.61,6.84,685.56,Maharashtra,Kharif,borewell,medium,cotton
94,39,40,29.5,67.49,6.99,647.22,Maharashtra,Kharif,borewell,medium,cotton
69,53,43,27.78,55.35,6.52,635.92,Maharashtra,Kharif,borewell,medium,cotton
88,40,49,29.13,71.76,6.43,710.77,Maharashtra,Kharif,borewell,medium,cotton
92,41,48,30.65,62.9,7.46,554.82,Maharashtra,Kharif,borewell,medium,cotton
82,56,53,30.31,67.64,6.36,753.04,Maharashtra,Kharif,borewell,medium,cotton
101,44,63,29.79,53.36,7.13,652.01,Maharashtra,Kharif,borewell,medium,cotton
102,51,44,31.75,66.41,6.72,689.86,Maharashtra,Kharif,borewell,medium,cotton
95,45,46,29.56,58.06,6.26,715.94,Maharashtra,Kharif,borewell,medium,cotton
70,42,37,27.03,64.28,6.93,682.77,Maharashtra,Kharif,borewell,medium,cotton
77,44,50,29.42,65.93,7.32,683.19,Maharashtra,Kharif,borewell,medium,cotton
71,43,47,28.34,58.11,7.02,862.02,Maharashtra,Kharif,borewell,medium,cotton
85,47,40,31.37,66.14,7.27,790.65,Maharashtra,Kharif,borewell,medium,cotton
86,46,57,30.45,53.25,7.15,661.22,Maharashtra,Kharif,borewell,medium,cotton
99,50,37,29.9,63.38,7.12,738.37,Maharashtra,Kharif,borewell,medium,cotton
105,50,48,31.22,71.84,7.31,713.75,Maharashtra,Kharif,borewell,medium,cotton
94,49,48,32.75,59.38,7.38,691.61,Maharashtra,Kharif,borewell,medium,cotton
75,46,44,30.37,62.88,6.66,798.07,Maharashtra,Kharif,borewell,medium,cotton
101,57,49,29.45,65.43,6.81,708.67,Maharashtra,Kharif,borewell,medium,cotton
88,39,48,28.84,61.49,7.12,784.84,Maharashtra,Kharif,borewell,medium,cotton
82,46,43,28.25,60.02,6.93,739.06,Maharashtra,Kharif,borewell,medium,cotton
93,41,55,30.92,58.75,7.41,721.8,Maharashtra,Kharif,borewell,medium,cotton
88,50,47,30.32,63.28,6.89,564.94,Maharashtra,Kharif,borewell,medium,cotton
95,45,52,30.22,61.05,7.34,713.66,Maharashtra,Kharif,borewell,medium,cotton
92,47,57,28.43,61.16,6.59,748.45,Maharashtra,Kharif,borewell,medium,cotton
84,45,44,29.59,57.29,6.25,730.51,Maharashtra,Kharif,borewell,medium,cotton
69,52,57,29.25,67.91,6.99,806.62,Maharashtra,Kharif,borewell,medium,cotton
85,34,47,32.06,64.73,6.83,721.93,Maharashtra,Kharif,borewell,medium,cotton
100,47,63,28.72,66.68,7.25,653.34,Maharashtra,Kharif,borewell,medium,cotton
86,53,48,30.01,55.68,7.22,719.15,Maharashtra,Kharif,borewell,medium,cotton
89,50,45,28.61,61.49,6.85,845.37,Maharashtra,Kharif,borewell,medium,cotton
99,42,59,28.85,62.62,7.3,568.67,Maharashtra,Kharif,borewell,medium,cotton
88,44,49,30.06,62.18,6.96,771.01,Maharashtra,Kharif,borewell,medium,cotton
93,48,48,32.25,63.22,6.83,572.73,Maharashtra,Kharif,borewell,medium,cotton
76,45,47,28.67,63.96,6.81,639.03,Maharashtra,Kharif,borewell,medium,cotton
96,55,41,29.87,54.56,6.51,660.75,Maharashtra,Kharif,borewell,medium,cotton
101,43,43,29.55,62.65,6.74,832.41,Maharashtra,Kharif,borewell,medium,cotton
87,48,45,30.16,67.65,7.55,649.18,Maharashtra,Kharif,borewell,medium,cotton
101,51,53,29.36,61.72,7.31,763.65,Maharashtra,Kharif,borewell,medium,cotton
106,49,47,25.81,55.79,6.87,626.6,Maharashtra,Kharif,borewell,medium,cotton
98,40,45,28.81,67.52,6.8,730.16,Maharashtra,Kharif,borewell,medium,cotton
92,53,52,29.45,55.43,6.92,698.67,Maharashtra,Kharif,borewell,medium,cotton
93,43,54,29.52,58.66,6.85,828.57,Maharashtra,Kharif,borewell,medium,cotton
97,54,41,28.47,59.66,7.06,688.4,Maharashtra,Kharif,borewell,medium,cotton
85,45,43,29.23,67.14,6.5,723.1,Maharashtra,Kharif,borewell,medium,cotton
104,46,44,30.89,58.4,6.99,630.68,Maharashtra,Kharif,borewell,medium,cotton
71,47,40,29.48,67.15,7.62,706.24,Maharashtra,Kharif,borewell,medium,cotton
100,50,45,26.61,69.28,6.65,792.18,Maharashtra,Kharif,borewell,medium,cotton
95,42,49,32.7,68.9,6.83,652.53,Maharashtra,Kharif,borewell,medium,cotton
91,47,54,30.61,55.45,7.15,688.06,Maharashtra,Kharif,borewell,medium,cotton
90,49,54,30.97,59.38,6.98,670.1,Maharashtra,Kharif,borewell,medium,cotton
73,47,58,26.93,62.4,6.98,719.18,Maharashtra,Kharif,borewell,medium,cotton
80,39,39,31.5,58.41,6.83,840.31,Maharashtra,Kharif,borewell,medium,cotton
83,49,54,31.02,56.95,6.76,720.16,Maharashtra,Kharif,borewell,medium,cotton
109,43,45,30.13,65.08,7.23,643.58,Maharashtra,Kharif,borewell,medium,cotton
85,49,55,29.14,62.41,6.66,824.22,Maharashtra,Kharif,borewell,medium,cotton
92,54,48,29.63,56.25,6.28,783.46,Maharashtra,Kharif,borewell,medium,cotton
91,49,40,28.15,66.93,7.58,658.58,Maharashtra,Kharif,borewell,medium,cotton
97,49,47,32.28,60.61,7.41,725.43,Maharashtra,Kharif,borewell,medium,cotton
90,56,49,29.36,68.25,7.42,780.13,Maharashtra,Kharif,borewell,medium,cotton
60,50,49,29.45,65.04,7.09,745.19,Maharashtra,Kharif,borewell,medium,cotton
87,56,52,30.31,64.56,7.39,768.11,Maharashtra,Kharif,borewell,medium,cotton
89,53,49,32.38,67.07,6.79,855.38,Maharashtra,Kharif,borewell,medium,cotton
69,51,43,32.32,63.55,6.74,682.23,Maharashtra,Kharif,borewell,medium,cotton
83,46,46,28.37,63.63,7.13,633.58,Maharashtra,Kharif,borewell,medium,cotton
73,49,51,30.6,64.8,7.52,766.47,Maharashtra,Kharif,borewell,medium,cotton
117,65,37,26.2,62.47,7.17,694.94,Maharashtra,Kharif,borewell,medium,cotton
97,46,43,28.69,61.67,7.28,667.55,Maharashtra,Kharif,borewell,medium,cotton
87,51,46,31.18,58.67,6.62,720.31,Maharashtra,Kharif,borewell,medium,cotton
94,42,55,32.39,59.88,7.5,541.19,Maharashtra,Kharif,borewell,medium,cotton
101,42,53,28.06,62.21,6.73,685.74,Maharashtra,Kharif,borewell,medium,cotton
108,47,60,28.92,68.72,6.46,680.9,Maharashtra,Kharif,borewell,medium,cotton
85,56,49,26.37,57.04,6.66,762.27,Maharashtra,Kharif,borewell,medium,cotton
98,46,44,30.57,57.79,7.15,724.83,Maharashtra,Kharif,borewell,medium,cotton
87,50,48,30.25,56.94,7.2,768.44,Maharashtra,Kharif,borewell,medium,cotton
93,51,47,30.84,62.77,6.62,754.68,Maharashtra,Kharif,borewell,medium,cotton
74,49,45,28.83,63.22,6.76,734.15,Maharashtra,Kharif,borewell,medium,cotton
91,44,55,29.81,65.13,7.47,793.35,Maharashtra,Kharif,borewell,medium,cotton
96,46,39,29.81,67.06,7.12,500.0,Maharashtra,Kharif,borewell,medium,cotton
99,53,46,30.98,65.12,6.77,784.75,Maharashtra,Kharif,borewell,medium,cotton
77,47,47,28.26,63.77,7.44,783.18,Maharashtra,Kharif,borewell,medium,cotton
97,38,40,29.75,62.36,6.83,827.02,Maharashtra,Kharif,borewell,medium,cotton
91,51,53,29.58,73.3,6.69,659.6,Maharashtra,Kharif,borewell,medium,cotton
81,57,52,28.68,58.9,7.46,724.11,Maharashtra,Kharif,borewell,medium,cotton
104,47,50,29.95,59.9,6.95,621.05,Maharashtra,Kharif,borewell,medium,cotton
95,52,53,30.5,61.97,7.52,759.49,Maharashtra,Kharif,borewell,medium,cotton
104,56,47,30.08,65.73,6.62,624.87,Maharashtra,Kharif,borewell,medium,cotton
77,47,46,27.35,63.12,6.97,778.82,Maharashtra,Kharif,borewell,medium,cotton
110,50,43,30.47,62.54,6.92,642.56,Maharashtra,Kharif,borewell,medium,cotton
85,46,52,30.27,70.11,7.22,728.29,Maharashtra,Kharif,borewell,medium,cotton
87,41,44,28.45,51.83,6.66,806.81,Maharashtra,Kharif,borewell,medium,cotton
94,45,50,26.57,63.68,7.43,691.93,Maharashtra,Kharif,borewell,medium,cotton
72,45,55,29.89,56.59,7.79,616.41,Maharashtra,Kharif,borewell,medium,cotton
88,41,41,28.82,65.15,7.43,674.26,Maharashtra,Kharif,borewell,medium,cotton
80,50,50,29.86,63.65,6.96,706.54,Maharashtra,Kharif,borewell,medium,cotton
88,54,60,29.77,62.47,7.09,656.14,Maharashtra,Kharif,borewell,medium,cotton
98,50,45,30.85,62.58,6.68,723.44,Maharashtra,Kharif,borewell,medium,cotton
92,53,52,29.34,60.53,7.0,724.22,Maharashtra,Kharif,borewell,medium,cotton
95,49,47,31.0,59.69,7.83,750.87,Maharashtra,Kharif,borewell,medium,cotton
79,49,52,28.98,56.27,6.65,736.14,Maharashtra,Kharif,borewell,medium,cotton
72,39,51,29.17,59.6,6.84,601.95,Maharashtra,Kharif,borewell,medium,cotton
95,43,44,30.02,61.43,6.77,567.37,Maharashtra,Kharif,borewell,medium,cotton
94,48,44,27.94,62.55,7.16,706.52,Maharashtra,Kharif,borewell,medium,cotton
106,52,47,30.61,62.7,7.02,786.42,Maharashtra,Kharif,borewell,medium,cotton
81,48,54,29.96,60.96,6.43,548.64,Maharashtra,Kharif,borewell,medium,cotton
111,49,44,30.02,58.55,6.89,637.27,Maharashtra,Kharif,borewell,medium,cotton
76,35,38,31.03,58.39,7.18,763.78,Maharashtra,Kharif,borewell,medium,cotton
90,46,48,28.88,67.52,7.63,796.65,Maharashtra,Kharif,borewell,medium,cotton
68,45,48,30.19,55.3,6.42,787.12,Maharashtra,Kharif,borewell,medium,cotton
84,39,41,30.09,59.07,7.08,634.75,Maharashtra,Kharif,borewell,medium,cotton
73,56,50,29.0,60.33,7.49,739.44,Maharashtra,Kharif,borewell,medium,cotton
101,44,48,30.1,60.21,6.97,661.09,Maharashtra,Kharif,borewell,medium,cotton
94,40,51,29.97,61.65,7.15,675.67,Maharashtra,Kharif,borewell,medium,cotton
83,51,51,28.74,60.03,6.94,663.2,Maharashtra,Kharif,borewell,medium,cotton
105,49,48,28.1,65.58,6.8,656.48,Maharashtra,Kharif,borewell,medium,cotton
98,50,33,29.26,63.02,6.89,710.69,Maharashtra,Kharif,borewell,medium,cotton
72,31,42,29.92,50.0,6.72,571.82,Maharashtra,Kharif,borewell,medium,cotton
88,59,46,29.34,66.0,7.01,685.67,Maharashtra,Kharif,borewell,medium,cotton
99,50,49,29.29,61.06,7.31,677.57,Maharashtra,Kharif,borewell,medium,cotton
102,41,56,30.21,58.46,7.17,656.65,Maharashtra,Kharif,borewell,medium,cotton
90,45,47,30.91,64.66,6.62,628.79,Maharashtra,Kharif,borewell,medium,cotton
93,50,44,31.89,65.89,6.79,651.85,Maharashtra,Kharif,borewell,medium,cotton
88,46,55,30.98,62.65,7.23,754.87,Maharashtra,Kharif,borewell,medium,cotton
91,50,51,30.23,59.25,6.77,680.76,Maharashtra,Kharif,borewell,medium,cotton
83,39,51,30.02,56.92,6.92,687.71,Maharashtra,Kharif,borewell,medium,cotton
92,41,40,30.28,56.11,6.92,678.26,Maharashtra,Kharif,borewell,medium,cotton
89,49,57,27.1,66.15,6.16,792.91,Maharashtra,Kharif,borewell,medium,cotton
70,62,45,31.44,67.02,6.85,676.02,Maharashtra,Kharif,borewell,medium,cotton
82,52,45,28.27,64.74,6.7,678.07,Maharashtra,Kharif,borewell,medium,cotton
91,44,45,31.8,61.65,6.88,688.32,Maharashtra,Kharif,borewell,medium,cotton
95,41,50,29.88,55.05,7.6,797.39,Maharashtra,Kharif,borewell,medium,cotton
82,41,49,27.36,68.18,6.84,808.12,Maharashtra,Kharif,borewell,medium,cotton
82,47,55,29.02,63.63,7.36,662.93,Maharashtra,Kharif,borewell,medium,cotton
77,39,51,30.08,66.92,6.91,604.62,Maharashtra,Kharif,borewell,medium,cotton
66,64,51,29.71,63.66,6.52,647.01,Maharashtra,Kharif,borewell,medium,cotton
107,51,43,27.66,60.35,6.89,836.61,Maharashtra,Kharif,borewell,medium,cotton
88,41,47,29.9,57.16,7.13,780.59,Maharashtra,Kharif,borewell,medium,cotton
91,43,44,27.01,61.94,7.1,640.22,Maharashtra,Kharif,borewell,medium,cotton
109,52,37,26.84,58.4,7.52,759.39,Maharashtra,Kharif,borewell,medium,cotton
106,48,46,27.63,63.96,6.93,684.36,Maharashtra,Kharif,borewell,medium,cotton
106,47,55,27.12,73.7,6.88,747.15,Maharashtra,Kharif,borewell,medium,cotton
99,45,52,30.81,59.53,6.77,703.02,Maharashtra,Kharif,borewell,medium,cotton
89,56,52,29.39,65.03,6.32,658.98,Maharashtra,Kharif,borewell,medium,cotton
93,54,49,31.69,66.12,6.84,690.66,Maharashtra,Kharif,borewell,medium,cotton
94,45,56,27.84,63.82,7.25,679.1,Maharashtra,Kharif,borewell,medium,cotton
85,47,52,28.75,58.05,7.38,726.62,Maharashtra,Kharif,borewell,medium,cotton
100,52,60,31.17,59.48,7.16,662.83,Maharashtra,Kharif,borewell,medium,cotton
85,39,46,30.32,62.22,6.63,598.47,Maharashtra,Kharif,borewell,medium,cotton
111,49,43,30.19,71.62,7.21,514.2,Maharashtra,Kharif,borewell,medium,cotton
117,37,46,27.8,59.42,7.09,561.93,Maharashtra,Kharif,borewell,medium,cotton
89,54,43,27.41,61.92,6.89,660.32,Maharashtra,Kharif,borewell,medium,cotton
78,51,51,27.9,58.64,7.05,635.67,Maharashtra,Kharif,borewell,medium,cotton
92,56,47,27.68,64.13,6.94,689.99,Maharashtra,Kharif,borewell,medium,cotton
95,52,48,29.41,71.1,7.4,755.57,Maharashtra,Kharif,borewell,medium,cotton
91,42,54,29.72,60.1,6.92,635.59,Maharashtra,Kharif,borewell,medium,cotton
101,51,49,29.44,59.66,6.29,605.8,Maharashtra,Kharif,borewell,medium,cotton
83,42,49,30.72,61.96,7.47,647.81,Maharashtra,Kharif,borewell,medium,cotton
89,47,54,29.66,63.06,6.45,640.01,Maharashtra,Kharif,borewell,medium,cotton
101,35,55,30.25,59.39,6.72,826.4,Maharashtra,Kharif,borewell,medium,cotton
104,47,48,28.53,63.06,6.78,694.76,Maharashtra,Kharif,borewell,medium,cotton
108,47,41,27.45,63.03,6.75,716.44,Maharashtra,Kharif,borewell,medium,cotton
74,52,41,29.57,61.09,7.57,711.43,Maharashtra,Kharif,borewell,medium,cotton
109,51,56,29.19,63.94,7.41,760.33,Maharashtra,Kharif,borewell,medium,cotton
95,46,47,31.21,68.11,6.8,650.42,Maharashtra,Kharif,borewell,medium,cotton
81,52,42,30.73,64.77,6.82,804.26,Maharashtra,Kharif,borewell,medium,cotton
75,57,49,26.39,69.13,7.32,671.45,Maharashtra,Kharif,borewell,medium,cotton
80,38,62,28.11,57.24,7.09,590.81,Maharashtra,Kharif,borewell,medium,cotton
80,53,50,28.92,62.58,6.85,695.87,Maharashtra,Kharif,borewell,medium,cotton
82,44,44,28.41,66.85,7.26,637.84,Maharashtra,Kharif,borewell,medium,cotton
78,47,60,27.96,61.83,7.03,692.76,Maharashtra,Kharif,borewell,medium,cotton
85,54,50,30.77,64.96,7.3,805.63,Maharashtra,Kharif,borewell,medium,cotton
103,61,55,28.5,66.03,7.24,828.02,Maharashtra,Kharif,borewell,medium,cotton
80,51,44,30.27,61.61,7.16,605.98,Maharashtra,Kharif,borewell,medium,cotton
98,49,48,32.43,60.91,7.11,706.68,Maharashtra,Kharif,borewell,medium,cotton
92,60,48,28.65,70.3,6.9,592.99,Maharashtra,Kharif,borewell,medium,cotton
83,40,37,28.96,62.21,7.39,741.96,Maharashtra,Kharif,borewell,medium,cotton
96,42,53,31.59,64.14,7.14,615.69,Maharashtra,Kharif,borewell,medium,cotton
101,58,49,28.61,61.83,6.86,675.97,Maharashtra,Kharif,borewell,medium,cotton
96,49,53,30.06,58.9,6.83,662.48,Maharashtra,Kharif,borewell,medium,cotton
88,58,59,30.75,62.99,6.55,714.67,Maharashtra,Kharif,borewell,medium,cotton
82,57,38,30.08,58.86,7.0,744.4,Maharashtra,Kharif,borewell,medium,cotton
100,47,52,28.51,63.52,7.33,722.14,Maharashtra,Kharif,borewell,medium,cotton
85,46,53,27.86,58.57,7.2,670.72,Maharashtra,Kharif,borewell,medium,cotton
75,55,41,29.2,59.92,6.9,641.03,Maharashtra,Kharif,borewell,medium,cotton
97,48,53,28.59,71.39,6.37,594.32,Maharashtra,Kharif,borewell,medium,cotton
108,50,49,30.15,64.88,7.1,635.61,Maharashtra,Kharif,borewell,medium,cotton
98,51,56,32.15,63.88,6.59,818.17,Maharashtra,Kharif,borewell,medium,cotton
80,49,46,28.85,65.68,7.08,734.22,Maharashtra,Kharif,borewell,medium,cotton
82,46,43,29.2,62.01,7.61,682.71,Maharashtra,Kharif,borewell,medium,cotton
69,56,50,29.3,60.68,6.68,829.2,Maharashtra,Kharif,borewell,medium,cotton
91,37,49,31.31,63.15,6.7,633.93,Maharashtra,Kharif,borewell,medium,cotton
81,56,47,26.98,64.1,7.05,670.07,Maharashtra,Kharif,borewell,medium,cotton
80,41,54,29.87,64.49,7.08,721.85,Maharashtra,Kharif,borewell,medium,cotton
85,46,54,31.62,57.41,6.93,755.95,Maharashtra,Kharif,borewell,medium,cotton
109,58,43,31.41,62.74,7.35,752.55,Maharashtra,Kharif,borewell,medium,cotton
77,51,53,29.47,61.47,6.48,745.57,Maharashtra,Kharif,borewell,medium,cotton
92,42,46,29.73,60.17,7.0,583.34,Maharashtra,Kharif,borewell,medium,cotton
103,48,41,25.81,66.79,7.19,714.05,Maharashtra,Kharif,borewell,medium,cotton
99,53,49,29.12,60.76,7.14,793.14,Maharashtra,Kharif,borewell,medium,cotton
89,56,50,30.07,72.52,7.55,811.91,Maharashtra,Kharif,borewell,medium,cotton
82,60,47,29.16,53.5,7.11,627.78,Maharashtra,Kharif,borewell,medium,cotton
94,41,58,30.33,72.0,6.66,803.28,Maharashtra,Kharif,borewell,medium,cotton
72,49,44,28.83,60.35,6.7,616.02,Maharashtra,Kharif,borewell,medium,cotton
86,48,54,29.94,67.36,6.51,671.14,Maharashtra,Kharif,borewell,medium,cotton
97,50,42,30.9,60.29,6.74,732.46,Maharashtra,Kharif,borewell,medium,cotton
90,44,44,27.9,60.85,7.37,716.3,Maharashtra,Kharif,borewell,medium,cotton
100,51,44,27.03,58.64,6.78,650.09,Maharashtra,Kharif,borewell,medium,cotton
100,53,60,28.35,69.16,7.53,684.52,Maharashtra,Kharif,borewell,medium,cotton
95,55,47,29.3,59.89,6.21,704.7,Maharashtra,Kharif,borewell,medium,cotton
83,41,50,27.32,65.86,7.16,673.32,Maharashtra,Kharif,borewell,medium,cotton
89,41,52,29.78,63.59,7.17,657.17,Maharashtra,Kharif,borewell,medium,cotton
75,53,52,28.7,64.2,7.42,775.91,Maharashtra,Kharif,borewell,medium,cotton
84,39,40,29.03,68.59,6.76,660.24,Maharashtra,Kharif,borewell,medium,cotton
84,44,47,27.58,67.02,6.95,865.28,Maharashtra,Kharif,borewell,medium,cotton
78,57,56,28.88,60.85,6.69,639.35,Maharashtra,Kharif,borewell,medium,cotton
90,48,38,32.94,61.42,7.02,658.25,Maharashtra,Kharif,borewell,medium,cotton
87,45,47,29.48,65.85,7.08,746.95,Maharashtra,Kharif,borewell,medium,cotton
90,49,46,31.0,63.84,6.95,687.47,Maharashtra,Kharif,borewell,medium,cotton
89,48,47,28.66,65.69,7.28,818.92,Maharashtra,Kharif,borewell,medium,cotton
84,51,36,30.74,56.43,6.67,722.15,Maharashtra,Kharif,borewell,medium,cotton
84,43,45,30.59,58.61,6.98,674.76,Maharashtra,Kharif,borewell,medium,cotton
98,52,37,31.07,59.96,7.08,637.41,Maharashtra,Kharif,borewell,medium,cotton
94,62,48,28.81,61.53,6.51,796.6,Maharashtra,Kharif,borewell,medium,cotton
93,41,42,29.52,66.38,6.62,774.23,Maharashtra,Kharif,borewell,medium,cotton
89,42,45,32.12,56.72,6.76,763.51,Maharashtra,Kharif,borewell,medium,cotton
92,43,53,31.02,63.88,6.8,669.45,Maharashtra,Kharif,borewell,medium,cotton
93,40,55,32.05,61.52,7.12,779.05,Maharashtra,Kharif,borewell,medium,cotton
110,57,37,29.03,64.59,6.84,818.85,Maharashtra,Kharif,borewell,medium,cotton
106,43,47,28.38,61.69,6.92,763.62,Maharashtra,Kharif,borewell,medium,cotton
81,32,38,27.96,59.77,7.06,628.01,Maharashtra,Kharif,borewell,medium,cotton
78,42,41,28.67,60.01,7.23,634.03,Maharashtra,Kharif,borewell,medium,cotton
86,44,52,29.27,66.88,6.62,696.71,Maharashtra,Kharif,borewell,medium,cotton
84,40,47,32.1,58.95,6.96,612.52,Maharashtra,Kharif,borewell,medium,cotton
75,43,45,28.89,61.56,6.45,658.27,Maharashtra,Kharif,borewell,medium,cotton
95,40,45,29.94,59.24,7.11,598.59,Maharashtra,Kharif,borewell,medium,cotton
99,50,48,31.19,61.13,6.79,791.5,Maharashtra,Kharif,borewell,medium,cotton
108,43,47,31.07,62.17,7.2,752.03,Maharashtra,Kharif,borewell,medium,cotton
84,50,47,27.67,58.38,6.78,761.9,Maharashtra,Kharif,borewell,medium,cotton
100,52,50,30.12,63.66,7.14,731.69,Maharashtra,Kharif,borewell,medium,cotton
76,43,41,31.16,69.39,6.28,804.32,Maharashtra,Kharif,borewell,medium,cotton
91,53,50,31.66,63.37,6.55,692.96,Maharashtra,Kharif,borewell,medium,cotton
95,46,51,29.4,60.02,6.64,673.88,Maharashtra,Kharif,borewell,medium,cotton
92,36,43,26.5,59.93,7.4,620.93,Maharashtra,Kharif,borewell,medium,cotton
97,64,56,29.7,66.08,6.54,595.11,Maharashtra,Kharif,borewell,medium,cotton
90,50,54,28.65,63.31,7.05,691.24,Maharashtra,Kharif,borewell,medium,cotton
89,43,49,29.79,60.67,7.22,768.52,Maharashtra,Kharif,borewell,medium,cotton
97,41,48,28.13,62.9,6.7,785.14,Maharashtra,Kharif,borewell,medium,cotton
98,54,54,29.09,60.73,7.58,688.99,Maharashtra,Kharif,borewell,medium,cotton
76,53,48,31.76,63.51,6.99,801.74,Maharashtra,Kharif,borewell,medium,cotton
75,44,42,26.21,66.14,6.81,760.36,Maharashtra,Kharif,borewell,medium,cotton
94,51,45,28.35,62.87,7.31,696.64,Maharashtra,Kharif,borewell,medium,cotton
83,41,49,28.67,62.2,6.92,670.37,Maharashtra,Kharif,borewell,medium,cotton
93,51,59,30.64,69.14,6.73,593.27,Maharashtra,Kharif,borewell,medium,cotton
90,53,52,31.32,51.93,7.42,722.36,Maharashtra,Kharif,borewell,medium,cotton
75,52,48,30.07,66.66,7.14,601.81,Maharashtra,Kharif,borewell,medium,cotton
89,38,51,31.6,57.33,6.78,641.18,Maharashtra,Kharif,borewell,medium,cotton
85,50,45,30.48,66.94,7.37,625.45,Maharashtra,Kharif,borewell,medium,cotton
104,56,57,29.26,59.37,6.67,626.55,Maharashtra,Kharif,borewell,medium,cotton
90,52,55,28.77,62.34,6.97,657.65,Maharashtra,Kharif,borewell,medium,cotton
97,50,48,30.04,65.06,7.2,644.1,Maharashtra,Kharif,borewell,medium,cotton
99,49,45,29.85,63.94,7.36,630.26,Maharashtra,Kharif,borewell,medium,cotton
103,48,45,28.69,58.33,6.42,745.16,Maharashtra,Kharif,borewell,medium,cotton
110,38,42,30.63,62.31,7.28,693.22,Maharashtra,Kharif,borewell,medium,cotton
84,46,34,27.78,66.45,7.4,793.74,Maharashtra,Kharif,borewell,medium,cotton
94,34,44,31.49,69.26,7.45,684.25,Maharashtra,Kharif,borewell,medium,cotton
77,47,48,31.85,63.45,7.01,704.9,Maharashtra,Kharif,borewell,medium,cotton
94,51,43,27.91,68.21,6.45,809.18,Maharashtra,Kharif,borewell,medium,cotton
71,44,53,29.5,57.01,7.14,704.47,Maharashtra,Kharif,borewell,medium,cotton
88,44,47,28.63,72.64,6.92,675.08,Maharashtra,Kharif,borewell,medium,cotton
85,58,38,30.04,61.5,6.53,645.39,Maharashtra,Kharif,borewell,medium,cotton
93,42,49,32.09,63.21,6.52,643.55,Maharashtra,Kharif,borewell,medium,cotton
87,45,48,29.97,69.71,7.0,623.19,Maharashtra,Kharif,borewell,medium,cotton
102,55,49,29.13,65.09,6.93,562.95,Maharashtra,Kharif,borewell,medium,cotton
96,53,56,28.4,63.44,7.08,705.69,Maharashtra,Kharif,borewell,medium,cotton
91,48,49,30.61,67.58,6.75,688.51,Maharashtra,Kharif,borewell,medium,cotton
86,44,38,29.54,64.5,6.95,699.4,Maharashtra,Kharif,borewell,medium,cotton
94,56,45,27.74,62.12,7.63,622.61,Maharashtra,Kharif,borewell,medium,cotton
97,54,34,30.12,65.01,6.91,656.9,Maharashtra,Kharif,borewell,medium,cotton
84,46,46,28.76,61.06,7.4,619.04,Maharashtra,Kharif,borewell,medium,cotton
73,55,46,28.92,62.04,7.07,665.06,Maharashtra,Kharif,borewell,medium,cotton
95,42,46,26.18,67.38,6.94,744.67,Maharashtra,Kharif,borewell,medium,cotton
95,51,47,30.08,58.49,6.61,693.26,Maharashtra,Kharif,borewell,medium,cotton
83,56,50,28.43,61.37,7.04,695.47,Maharashtra,Kharif,borewell,medium,cotton
93,48,39,26.27,60.94,7.19,675.84,Maharashtra,Kharif,borewell,medium,cotton
102,47,55,31.23,66.88,6.6,701.14,Maharashtra,Kharif,borewell,medium,cotton
102,49,51,27.42,70.49,6.74,567.04,Maharashtra,Kharif,borewell,medium,cotton
86,33,41,33.34,60.92,6.52,701.69,Maharashtra,Kharif,borewell,medium,cotton
81,53,42,29.91,57.72,7.87,733.57,Maharashtra,Kharif,borewell,medium,cotton
89,46,44,28.36,59.22,7.56,663.16,Maharashtra,Kharif,borewell,medium,cotton
69,41,53,29.12,61.94,7.39,648.19,Maharashtra,Kharif,borewell,medium,cotton
96,44,51,28.91,61.49,7.27,749.87,Maharashtra,Kharif,borewell,medium,cotton
88,45,57,30.38,60.87,6.78,768.33,Maharashtra,Kharif,borewell,medium,cotton
91,47,48,30.01,62.26,7.4,783.96,Maharashtra,Kharif,borewell,medium,cotton
95,56,48,30.54,66.69,7.34,761.07,Maharashtra,Kharif,borewell,medium,cotton
96,59,44,29.27,61.61,6.88,567.42,Maharashtra,Kharif,borewell,medium,cotton
104,42,48,27.37,65.09,6.74,624.27,Maharashtra,Kharif,borewell,medium,cotton
92,43,44,29.76,65.83,6.73,633.92,Maharashtra,Kharif,borewell,medium,cotton
90,51,56,27.89,61.18,7.39,831.54,Maharashtra,Kharif,borewell,medium,cotton
80,43,50,28.63,59.34,7.08,803.29,Maharashtra,Kharif,borewell,medium,cotton
77,56,44,30.02,69.13,7.11,680.17,Maharashtra,Kharif,borewell,medium,cotton
97,46,51,29.19,66.09,6.54,632.43,Maharashtra,Kharif,borewell,medium,cotton
76,47,39,28.46,57.89,7.49,633.95,Maharashtra,Kharif,borewell,medium,cotton
77,49,57,29.33,62.34,7.43,758.55,Maharashtra,Kharif,borewell,medium,cotton
94,44,50,27.46,59.9,7.48,786.8,Maharashtra,Kharif,borewell,medium,cotton
94,36,40,28.48,61.78,6.58,683.58,Maharashtra,Kharif,borewell,medium,cotton
108,50,49,27.97,55.67,6.59,588.04,Maharashtra,Kharif,borewell,medium,cotton
91,50,42,29.72,68.62,7.65,751.36,Maharashtra,Kharif,borewell,medium,cotton
88,52,55,26.49,68.68,6.82,664.34,Maharashtra,Kharif,borewell,medium,cotton
86,49,41,29.07,64.69,7.07,725.39,Maharashtra,Kharif,borewell,medium,cotton
87,52,54,30.99,64.28,7.31,758.07,Maharashtra,Kharif,borewell,medium,cotton
117,55,47,28.13,61.41,6.89,734.09,Maharashtra,Kharif,borewell,medium,cotton
83,54,39,27.05,61.94,6.72,616.12,Maharashtra,Kharif,borewell,medium,cotton
84,43,48,28.57,60.25,7.0,767.62,Maharashtra,Kharif,borewell,medium,cotton
105,48,49,29.23,64.51,7.13,788.39,Maharashtra,Kharif,borewell,medium,cotton
71,46,49,29.46,58.59,6.57,753.75,Maharashtra,Kharif,borewell,medium,cotton
82,37,52,30.19,62.02,6.7,692.44,Maharashtra,Kharif,borewell,medium,cotton
102,38,38,28.56,62.39,6.83,742.85,Maharashtra,Kharif,borewell,medium,cotton
101,49,51,29.91,62.54,6.57,631.47,Maharashtra,Kharif,borewell,medium,cotton
76,47,49,27.33,62.8,6.71,628.72,Maharashtra,Kharif,borewell,medium,cotton
84,41,51,29.25,65.9,6.85,672.95,Maharashtra,Kharif,borewell,medium,cotton
109,38,55,31.98,65.69,6.89,795.13,Maharashtra,Kharif,borewell,medium,cotton
87,43,45,28.64,58.56,7.37,648.44,Maharashtra,Kharif,borewell,medium,cotton
90,39,48,27.77,57.58,6.96,770.46,Maharashtra,Kharif,borewell,medium,cotton
94,50,47,29.0,65.8,6.81,755.63,Maharashtra,Kharif,borewell,medium,cotton
102,43,43,28.68,56.39,6.84,786.76,Maharashtra,Kharif,borewell,medium,cotton
80,55,45,32.67,59.66,6.95,639.32,Maharashtra,Kharif,borewell,medium,cotton
83,55,50,31.04,57.02,7.22,635.24,Maharashtra,Kharif,borewell,medium,cotton
77,49,49,29.58,65.49,7.29,797.98,Maharashtra,Kharif,borewell,medium,cotton
78,56,58,28.95,55.55,6.54,669.21,Maharashtra,Kharif,borewell,medium,cotton
110,48,44,28.47,56.99,7.29,693.86,Maharashtra,Kharif,borewell,medium,cotton
111,51,52,29.14,57.95,6.71,608.72,Maharashtra,Kharif,borewell,medium,cotton
99,45,53,29.7,61.28,6.61,720.11,Maharashtra,Kharif,borewell,medium,cotton
88,53,43,30.42,69.34,7.09,752.35,Maharashtra,Kharif,borewell,medium,cotton
96,59,50,30.55,62.35,6.74,619.45,Maharashtra,Kharif,borewell,medium,cotton
103,42,52,30.12,66.32,6.83,647.28,Maharashtra,Kharif,borewell,medium,cotton
94,46,40,32.41,59.2,6.67,683.86,Maharashtra,Kharif,borewell,medium,cotton
103,35,54,28.13,63.6,6.77,832.79,Maharashtra,Kharif,borewell,medium,cotton
91,43,46,29.63,63.24,7.15,699.91,Maharashtra,Kharif,borewell,medium,cotton
76,46,51,28.5,65.3,7.01,685.48,Maharashtra,Kharif,borewell,medium,cotton
102,37,44,31.35,70.13,7.76,703.36,Maharashtra,Kharif,borewell,medium,cotton
95,52,55,29.97,66.36,7.15,734.81,Maharashtra,Kharif,borewell,medium,cotton
81,46,44,27.72,55.62,6.86,682.41,Maharashtra,Kharif,borewell,medium,cotton
91,51,49,29.11,58.69,7.29,693.21,Maharashtra,Kharif,borewell,medium,cotton
86,46,43,28.7,60.16,6.9,743.72,Maharashtra,Kharif,borewell,medium,cotton
94,57,55,32.43,64.83,7.18,667.51,Maharashtra,Kharif,borewell,medium,cotton
98,44,39,31.79,57.3,7.15,641.31,Maharashtra,Kharif,borewell,medium,cotton
101,55,51,31.37,62.53,7.74,749.74,Maharashtra,Kharif,borewell,medium,cotton
81,48,47,29.12,55.6,7.13,607.62,Maharashtra,Kharif,borewell,medium,cotton
65,45,43,28.21,50.0,6.72,688.42,Maharashtra,Kharif,borewell,medium,cotton
84,50,56,30.27,66.78,7.37,632.08,Maharashtra,Kharif,borewell,medium,cotton
94,53,45,28.31,64.71,6.51,627.47,Maharashtra,Kharif,borewell,medium,cotton
83,50,49,31.05,58.66,6.67,734.93,Maharashtra,Kharif,borewell,medium,cotton
82,44,37,29.94,68.92,6.66,768.11,Maharashtra,Kharif,borewell,medium,cotton
89,37,42,28.07,61.18,7.14,823.26,Maharashtra,Kharif,borewell,medium,cotton
76,45,42,27.6,62.9,7.0,579.08,Maharashtra,Kharif,borewell,medium,cotton
90,40,48,31.4,64.43,7.06,664.75,Maharashtra,Kharif,borewell,medium,cotton
91,51,50,29.35,63.41,6.56,651.04,Maharashtra,Kharif,borewell,medium,cotton
97,52,48,31.72,64.62,6.92,618.68,Maharashtra,Kharif,borewell,medium,cotton
104,52,58,32.75,57.14,6.57,509.12,Maharashtra,Kharif,borewell,medium,cotton
99,51,48,27.66,62.13,7.06,752.18,Maharashtra,Kharif,borewell,medium,cotton
93,51,47,31.27,65.13,6.6,792.61,Maharashtra,Kharif,borewell,medium,cotton
102,50,49,31.99,55.69,7.41,668.25,Maharashtra,Kharif,borewell,medium,cotton
101,48,40,28.76,66.76,6.93,658.57,Maharashtra,Kharif,borewell,medium,cotton
84,51,58,26.29,74.17,7.07,738.68,Maharashtra,Kharif,borewell,medium,cotton
86,47,49,27.93,59.14,7.39,596.51,Maharashtra,Kharif,borewell,medium,cotton
94,45,42,32.46,58.52,6.62,687.54,Maharashtra,Kharif,borewell,medium,cotton
82,48,48,29.85,61.98,6.77,742.89,Maharashtra,Kharif,borewell,medium,cotton
89,45,56,29.32,67.05,7.41,785.84,Maharashtra,Kharif,borewell,medium,cotton
97,47,47,29.13,53.47,7.24,716.3,Maharashtra,Kharif,borewell,medium,cotton
98,47,51,27.43,57.63,6.17,691.04,Maharashtra,Kharif,borewell,medium,cotton
82,42,49,28.86,56.53,7.85,697.53,Maharashtra,Kharif,borewell,medium,cotton
79,44,46,29.24,67.93,6.97,823.68,Maharashtra,Kharif,borewell,medium,cotton
86,50,53,31.29,67.97,6.91,699.63,Maharashtra,Kharif,borewell,medium,cotton
65,46,54,30.85,62.14,7.57,674.4,Maharashtra,Kharif,borewell,medium,cotton
83,45,41,30.43,63.7,7.2,672.38,Maharashtra,Kharif,borewell,medium,cotton
89,35,50,29.65,57.91,6.97,682.81,Maharashtra,Kharif,borewell,medium,cotton
108,41,49,27.86,60.18,7.09,685.91,Maharashtra,Kharif,borewell,medium,cotton
90,49,45,30.83,61.23,6.97,724.09,Maharashtra,Kharif,borewell,medium,cotton
92,51,49,30.2,61.14,6.64,604.82,Maharashtra,Kharif,borewell,medium,cotton
73,58,35,31.29,59.08,7.4,553.16,Maharashtra,Kharif,borewell,medium,cotton
88,56,52,28.99,54.4,6.56,792.61,Maharashtra,Kharif,borewell,medium,cotton
87,47,49,27.55,64.2,6.86,719.58,Maharashtra,Kharif,borewell,medium,cotton
84,38,45,30.46,64.14,7.01,759.88,Maharashtra,Kharif,borewell,medium,cotton
88,48,45,30.93,63.71,6.81,600.73,Maharashtra,Kharif,borewell,medium,cotton
101,43,48,33.03,65.84,7.54,664.13,Maharashtra,Kharif,borewell,medium,cotton
101,48,50,32.53,61.34,7.01,639.79,Maharashtra,Kharif,borewell,medium,cotton
99,44,53,27.03,64.79,6.79,748.7,Maharashtra,Kharif,borewell,medium,cotton
90,44,45,28.22,65.99,6.65,682.19,Maharashtra,Kharif,borewell,medium,cotton
93,57,47,29.14,63.64,6.31,620.09,Maharashtra,Kharif,borewell,medium,cotton
86,43,38,30.79,63.58,7.05,653.73,Maharashtra,Kharif,borewell,medium,cotton
91,51,46,30.17,59.18,7.03,776.17,Maharashtra,Kharif,borewell,medium,cotton
102,55,49,29.55,60.63,6.4,610.34,Maharashtra,Kharif,borewell,medium,cotton
88,47,56,31.47,59.64,7.27,668.2,Maharashtra,Kharif,borewell,medium,cotton
97,52,55,28.76,66.73,6.38,786.41,Maharashtra,Kharif,borewell,medium,cotton
90,47,36,28.92,68.15,6.86,747.56,Maharashtra,Kharif,borewell,medium,cotton
90,54,49,28.1,62.74,7.53,733.18,Maharashtra,Kharif,borewell,medium,cotton
89,61,54,30.73,63.82,7.24,750.85,Maharashtra,Kharif,borewell,medium,cotton
68,50,47,28.75,61.69,6.48,579.69,Maharashtra,Kharif,borewell,medium,cotton
102,50,33,28.64,66.17,6.91,783.0,Maharashtra,Kharif,borewell,medium,cotton
100,40,47,28.83,56.71,6.52,646.27,Maharashtra,Kharif,borewell,medium,cotton
84,49,54,30.27,65.63,6.91,740.2,Maharashtra,Kharif,borewell,medium,cotton
89,45,59,26.0,54.69,7.13,682.33,Maharashtra,Kharif,borewell,medium,cotton
76,41,42,30.84,67.55,7.55,594.07,Maharashtra,Kharif,borewell,medium,cotton
76,39,55,30.13,62.83,7.08,696.21,Maharashtra,Kharif,borewell,medium,cotton
79,50,46,27.7,64.89,6.86,715.17,Maharashtra,Kharif,borewell,medium,cotton
89,53,49,28.17,63.84,7.12,734.09,Maharashtra,Kharif,borewell,medium,cotton
100,44,51,26.91,62.0,6.91,796.52,Maharashtra,Kharif,borewell,medium,cotton
88,51,37,28.97,58.97,7.83,655.55,Maharashtra,Kharif,borewell,medium,cotton
91,48,38,28.71,64.19,7.03,546.64,Maharashtra,Kharif,borewell,medium,cotton
84,53,51,31.33,58.39,7.43,697.04,Maharashtra,Kharif,borewell,medium,cotton
106,48,36,30.77,60.65,6.87,603.13,Maharashtra,Kharif,borewell,medium,cotton
106,44,57,28.85,58.63,7.44,695.11,Maharashtra,Kharif,borewell,medium,cotton
89,40,45,30.14,57.09,6.82,671.97,Maharashtra,Kharif,borewell,medium,cotton
91,56,46,28.46,73.94,6.86,687.29,Maharashtra,Kharif,borewell,medium,cotton
86,46,48,30.88,64.18,7.36,769.6,Maharashtra,Kharif,borewell,medium,cotton
92,50,54,27.83,72.91,6.83,676.6,Maharashtra,Kharif,borewell,medium,cotton
78,41,53,32.91,60.14,7.12,714.68,Maharashtra,Kharif,borewell,medium,cotton
100,60,56,29.14,64.7,7.21,698.66,Maharashtra,Kharif,borewell,medium,cotton
79,43,54,31.38,61.64,7.09,779.82,Maharashtra,Kharif,borewell,medium,cotton
73,45,59,29.95,57.79,7.04,768.1,Maharashtra,Kharif,borewell,medium,cotton
65,49,45,27.04,62.84,6.95,698.39,Maharashtra,Kharif,borewell,medium,cotton
87,42,39,28.46,66.08,7.08,695.39,Maharashtra,Kharif,borewell,medium,cotton
80,45,52,30.26,60.51,6.13,655.01,Maharashtra,Kharif,borewell,medium,cotton
85,42,45,30.72,62.34,7.33,599.44,Maharashtra,Kharif,borewell,medium,cotton
87,36,45,27.93,67.84,7.14,767.66,Maharashtra,Kharif,borewell,medium,cotton
86,42,41,29.9,70.04,7.14,675.02,Maharashtra,Kharif,borewell,medium,cotton
88,47,59,31.35,63.58,7.04,719.96,Maharashtra,Kharif,borewell,medium,cotton
95,45,43,31.05,62.59,7.32,809.74,Maharashtra,Kharif,borewell,medium,cotton
95,50,65,29.81,57.96,6.91,803.45,Maharashtra,Kharif,borewell,medium,cotton
77,43,54,29.09,62.04,7.36,652.21,Maharashtra,Kharif,borewell,medium,cotton
75,39,51,29.89,59.61,6.61,681.96,Maharashtra,Kharif,borewell,medium,cotton
101,43,44,27.71,60.97,7.11,841.01,Maharashtra,Kharif,borewell,medium,cotton
92,47,53,30.54,60.09,7.77,698.37,Maharashtra,Kharif,borewell,medium,cotton
92,51,50,31.79,60.04,7.26,710.97,Maharashtra,Kharif,borewell,medium,cotton
100,46,45,30.6,63.99,6.73,789.71,Maharashtra,Kharif,borewell,medium,cotton
97,47,45,30.05,65.25,6.47,725.05,Maharashtra,Kharif,borewell,medium,cotton
97,34,49,30.54,64.92,7.27,678.16,Maharashtra,Kharif,borewell,medium,cotton
80,37,54,30.55,67.37,6.76,753.59,Maharashtra,Kharif,borewell,medium,cotton
75,42,48,30.49,69.5,6.92,642.28,Maharashtra,Kharif,borewell,medium,cotton
81,43,60,30.64,67.14,6.92,699.89,Maharashtra,Kharif,borewell,medium,cotton
97,45,46,28.49,60.64,7.02,645.22,Maharashtra,Kharif,borewell,medium,cotton
93,49,46,28.26,62.94,6.83,703.11,Maharashtra,Kharif,borewell,medium,cotton
101,40,60,29.39,64.22,6.75,776.15,Maharashtra,Kharif,borewell,medium,cotton
89,45,44,29.1,64.24,7.06,697.34,Maharashtra,Kharif,borewell,medium,cotton
83,43,45,30.19,65.26,7.27,699.9,Maharashtra,Kharif,borewell,medium,cotton
94,47,37,29.18,60.94,6.65,662.17,Maharashtra,Kharif,borewell,medium,cotton
91,41,43,31.82,55.82,6.94,622.25,Maharashtra,Kharif,borewell,medium,cotton
82,46,42,30.36,68.13,7.28,768.31,Maharashtra,Kharif,borewell,medium,cotton
76,46,50,30.81,69.81,7.36,759.77,Maharashtra,Kharif,borewell,medium,cotton
116,48,46,29.77,58.69,7.02,584.88,Maharashtra,Kharif,borewell,medium,cotton
85,47,53,31.17,58.48,7.69,709.89,Maharashtra,Kharif,borewell,medium,cotton
92,38,44,31.07,63.21,7.04,715.14,Maharashtra,Kharif,borewell,medium,cotton
76,47,56,31.13,61.98,7.52,616.06,Maharashtra,Kharif,borewell,medium,cotton
80,58,51,29.07,62.27,6.73,718.44,Maharashtra,Kharif,borewell,medium,cotton
92,48,41,29.9,60.29,6.67,784.45,Maharashtra,Kharif,borewell,medium,cotton
112,59,51,29.1,62.21,7.14,671.98,Maharashtra,Kharif,borewell,medium,cotton
103,36,46,30.7,58.98,6.92,739.58,Maharashtra,Kharif,borewell,medium,cotton
105,40,40,28.08,56.09,6.51,635.16,Maharashtra,Kharif,borewell,medium,cotton
102,46,48,28.07,65.14,7.63,640.82,Maharashtra,Kharif,borewell,medium,cotton
107,50,48,30.1,64.13,7.62,734.68,Maharashtra,Kharif,borewell,medium,cotton
95,45,52,28.06,62.95,7.96,533.05,Maharashtra,Kharif,borewell,medium,cotton
92,49,46,29.19,62.88,6.92,714.8,Maharashtra,Kharif,borewell,medium,cotton
85,59,46,30.35,59.71,7.31,748.9,Maharashtra,Kharif,borewell,medium,cotton
94,42,43,32.03,59.32,7.21,637.02,Maharashtra,Kharif,borewell,medium,cotton
100,43,42,28.43,60.19,7.13,704.63,Maharashtra,Kharif,borewell,medium,cotton
79,47,41,30.47,65.95,6.99,718.11,Maharashtra,Kharif,borewell,medium,cotton
108,47,42,30.37,57.78,6.93,660.07,Maharashtra,Kharif,borewell,medium,cotton
83,46,53,31.16,66.36,7.11,682.82,Maharashtra,Kharif,borewell,medium,cotton
66,50,34,26.61,61.83,7.09,669.93,Maharashtra,Kharif,borewell,medium,cotton
105,50,46,31.58,69.02,7.17,648.32,Maharashtra,Kharif,borewell,medium,cotton
84,39,47,27.92,61.13,7.09,567.75,Maharashtra,Kharif,borewell,medium,cotton
77,45,47,28.76,61.37,6.76,603.37,Maharashtra,Kharif,borewell,medium,cotton
85,46,46,29.67,64.25,7.23,657.76,Maharashtra,Kharif,borewell,medium,cotton
74,55,50,28.07,63.66,7.36,815.28,Maharashtra,Kharif,borewell,medium,cotton
93,54,40,29.45,61.1,7.11,807.41,Maharashtra,Kharif,borewell,medium,cotton
92,42,40,31.97,64.64,7.15,677.08,Maharashtra,Kharif,borewell,medium,cotton
93,42,50,27.74,61.0,6.79,500.0,Maharashtra,Kharif,borewell,medium,cotton
87,42,46,29.5,69.87,7.1,722.27,Maharashtra,Kharif,borewell,medium,cotton
95,53,50,29.92,65.46,6.19,839.27,Maharashtra,Kharif,borewell,medium,cotton
106,49,39,31.32,59.61,7.18,614.47,Maharashtra,Kharif,borewell,medium,cotton
112,39,48,26.32,62.33,6.86,775.81,Maharashtra,Kharif,borewell,medium,cotton
86,54,42,29.08,61.41,7.17,724.56,Maharashtra,Kharif,borewell,medium,cotton
97,49,51,28.15,64.12,7.54,588.0,Maharashtra,Kharif,borewell,medium,cotton
95,51,56,30.59,62.92,7.14,651.0,Maharashtra,Kharif,borewell,medium,cotton
86,40,56,30.18,58.68,7.09,777.29,Maharashtra,Kharif,borewell,medium,cotton
100,42,30,30.09,58.8,7.21,763.35,Maharashtra,Kharif,borewell,medium,cotton
101,58,55,32.12,68.25,7.49,697.28,Maharashtra,Kharif,borewell,medium,cotton
77,62,48,31.34,60.21,7.32,537.0,Maharashtra,Kharif,borewell,medium,cotton
86,47,50,31.11,57.94,7.22,781.78,Maharashtra,Kharif,borewell,medium,cotton
113,52,45,27.59,70.12,7.25,698.53,Maharashtra,Kharif,borewell,medium,cotton
74,42,51,30.03,54.39,7.21,595.44,Maharashtra,Kharif,borewell,medium,cotton
104,49,45,30.99,63.97,7.44,705.37,Maharashtra,Kharif,borewell,medium,cotton
91,46,49,32.05,60.41,7.22,641.3,Maharashtra,Kharif,borewell,medium,cotton
69,49,50,29.33,56.27,7.1,717.75,Maharashtra,Kharif,borewell,medium,cotton
81,40,46,30.48,64.24,6.71,709.13,Maharashtra,Kharif,borewell,medium,cotton
22,39,35,19.67,50.32,6.84,159.04,Maharashtra,Rabi,rainfed,low,gram
30,34,36,21.28,47.8,7.0,106.41,Maharashtra,Rabi,rainfed,low,gram
27,31,38,19.45,51.2,7.03,159.48,Maharashtra,Rabi,rainfed,low,gram
22,33,30,24.65,43.86,7.52,177.24,Maharashtra,Rabi,rainfed,low,gram
32,32,40,24.52,47.91,6.93,129.92,Maharashtra,Rabi,rainfed,low,gram
29,35,33,19.48,46.63,7.52,169.02,Maharashtra,Rabi,rainfed,low,gram
26,34,26,20.5,45.2,7.33,133.52,Maharashtra,Rabi,rainfed,low,gram
23,39,31,20.24,49.61,7.27,145.16,Maharashtra,Rabi,rainfed,low,gram
26,37,35,21.81,46.96,6.88,137.24,Maharashtra,Rabi,rainfed,low,gram
27,30,28,21.37,50.29,6.34,140.87,Maharashtra,Rabi,rainfed,low,gram
29,40,40,21.11,54.06,7.27,169.0,Maharashtra,Rabi,rainfed,low,gram
23,37,36,20.47,36.51,7.15,144.98,Maharashtra,Rabi,rainfed,low,gram
33,32,30,19.74,44.08,8.08,112.98,Maharashtra,Rabi,rainfed,low,gram
22,35,41,22.61,52.45,6.96,117.56,Maharashtra,Rabi,rainfed,low,gram
26,34,33,21.18,48.76,6.84,128.37,Maharashtra,Rabi,rainfed,low,gram
22,36,33,23.14,52.43,6.66,150.55,Maharashtra,Rabi,rainfed,low,gram
27,27,30,23.85,44.07,6.81,148.79,Maharashtra,Rabi,rainfed,low,gram
31,33,33,18.07,48.69,7.18,170.64,Maharashtra,Rabi,rainfed,low,gram
20,33,37,20.66,46.7,6.95,141.01,Maharashtra,Rabi,rainfed,low,gram
32,28,32,21.88,50.1,7.06,172.61,Maharashtra,Rabi,rainfed,low,gram
27,36,33,22.48,48.58,6.69,155.06,Maharashtra,Rabi,rainfed,low,gram
30,42,28,22.31,45.17,7.17,124.95,Maharashtra,Rabi,rainfed,low,gram
27,37,28,23.67,40.58,7.3,93.34,Maharashtra,Rabi,rainfed,low,gram
26,37,35,21.34,45.57,7.31,172.18,Maharashtra,Rabi,rainfed,low,gram
33,29,32,18.21,41.26,6.84,170.18,Maharashtra,Rabi,rainfed,low,gram
25,34,34,20.49,38.85,6.83,147.18,Maharashtra,Rabi,rainfed,low,gram
29,34,34,22.89,50.8,7.16,123.47,Maharashtra,Rabi,rainfed,low,gram
22,29,28,21.65,53.74,7.18,148.04,Maharashtra,Rabi,rainfed,low,gram
32,31,37,22.95,46.73,7.87,176.02,Maharashtra,Rabi,rainfed,low,gram
28,34,31,21.3,46.11,6.98,145.01,Maharashtra,Rabi,rainfed,low,gram
23,32,26,22.12,46.81,7.06,170.68,Maharashtra,Rabi,rainfed,low,gram
24,31,26,23.03,48.82,7.59,186.93,Maharashtra,Rabi,rainfed,low,gram
26,31,25,19.85,45.25,6.34,124.86,Maharashtra,Rabi,rainfed,low,gram
27,39,30,21.69,53.64,6.44,175.34,Maharashtra,Rabi,rainfed,low,gram
29,41,37,20.51,46.51,6.56,137.8,Maharashtra,Rabi,rainfed,low,gram
28,37,36,23.87,44.83,7.52,156.24,Maharashtra,Rabi,rainfed,low,gram
22,34,33,20.24,42.51,6.71,137.32,Maharashtra,Rabi,rainfed,low,gram
24,41,22,21.67,48.53,6.75,144.59,Maharashtra,Rabi,rainfed,low,gram
26,35,35,22.36,44.2,6.55,153.85,Maharashtra,Rabi,rainfed,low,gram
25,32,33,20.85,47.68,8.02,166.0,Maharashtra,Rabi,rainfed,low,gram
33,38,33,22.29,48.33,7.42,151.39,Maharashtra,Rabi,rainfed,low,gram
22,28,34,19.81,49.13,7.59,144.85,Maharashtra,Rabi,rainfed,low,gram
33,36,33,21.61,43.32,6.75,111.64,Maharashtra,Rabi,rainfed,low,gram
24,46,26,19.74,43.41,6.82,156.28,Maharashtra,Rabi,rainfed,low,gram
25,34,29,20.79,46.27,7.05,196.22,Maharashtra,Rabi,rainfed,low,gram
27,34,22,21.86,38.93,7.3,153.32,Maharashtra,Rabi,rainfed,low,gram
31,32,33,22.51,42.94,7.32,163.17,Maharashtra,Rabi,rainfed,low,gram
27,43,35,18.99,50.29,6.86,168.61,Maharashtra,Rabi,rainfed,low,gram
29,22,35,21.17,44.74,6.95,168.41,Maharashtra,Rabi,rainfed,low,gram
24,41,26,21.94,49.46,7.37,154.3,Maharashtra,Rabi,rainfed,low,gram
27,32,27,20.47,42.81,6.69,192.09,Maharashtra,Rabi,rainfed,low,gram
20,41,27,19.97,42.52,6.69,171.53,Maharashtra,Rabi,rainfed,low,gram
30,34,44,21.47,46.73,6.85,131.22,Maharashtra,Rabi,rainfed,low,gram
25,39,35,23.44,43.75,7.32,157.13,Maharashtra,Rabi,rainfed,low,gram
29,31,28,22.31,49.85,6.87,164.21,Maharashtra,Rabi,rainfed,low,gram
32,33,27,19.53,43.91,6.94,149.16,Maharashtra,Rabi,rainfed,low,gram
27,34,35,20.36,51.35,7.44,170.23,Maharashtra,Rabi,rainfed,low,gram
25,34,36,21.2,43.82,6.83,133.89,Maharashtra,Rabi,rainfed,low,gram
23,49,24,20.03,48.78,6.85,141.79,Maharashtra,Rabi,rainfed,low,gram
29,40,31,22.88,39.99,6.88,161.55,Maharashtra,Rabi,rainfed,low,gram
36,30,28,22.01,46.7,6.84,121.61,Maharashtra,Rabi,rainfed,low,gram
25,38,31,23.26,45.98,7.32,156.5,Maharashtra,Rabi,rainfed,low,gram
26,39,27,20.67,44.91,7.24,164.72,Maharashtra,Rabi,rainfed,low,gram
24,30,33,19.19,50.36,7.02,122.71,Maharashtra,Rabi,rainfed,low,gram
23,37,34,20.35,46.06,6.69,143.97,Maharashtra,Rabi,rainfed,low,gram
34,46,32,22.15,48.0,6.47,123.17,Maharashtra,Rabi,rainfed,low,gram
18,37,41,23.1,46.67,7.06,141.78,Maharashtra,Rabi,rainfed,low,gram
32,36,33,19.85,48.8,7.05,159.26,Maharashtra,Rabi,rainfed,low,gram
32,27,31,20.84,44.47,6.69,133.02,Maharashtra,Rabi,rainfed,low,gram
23,39,34,21.96,39.11,7.81,140.47,Maharashtra,Rabi,rainfed,low,gram
35,39,32,24.56,48.67,7.02,140.87,Maharashtra,Rabi,rainfed,low,gram
32,32,31,20.6,43.6,6.85,191.36,Maharashtra,Rabi,rainfed,low,gram
32,36,30,20.67,45.09,7.76,156.79,Maharashtra,Rabi,rainfed,low,gram
31,36,29,21.65,42.38,7.54,132.53,Maharashtra,Rabi,rainfed,low,gram
25,39,30,21.17,36.39,6.98,163.87,Maharashtra,Rabi,rainfed,low,gram
25,38,32,23.13,43.68,7.01,115.71,Maharashtra,Rabi,rainfed,low,gram
27,33,37,20.56,44.88,6.85,150.63,Maharashtra,Rabi,rainfed,low,gram
36,20,32,23.26,44.53,7.29,177.47,Maharashtra,Rabi,rainfed,low,gram
26,32,36,22.24,46.26,7.32,172.41,Maharashtra,Rabi,rainfed,low,gram
27,37,35,20.81,51.05,6.72,146.94,Maharashtra,Rabi,rainfed,low,gram
31,30,36,21.79,51.58,7.32,146.2,Maharashtra,Rabi,rainfed,low,gram
28,36,41,21.63,45.97,7.03,154.41,Maharashtra,Rabi,rainfed,low,gram
23,33,28,20.18,49.58,7.11,132.69,Maharashtra,Rabi,rainfed,low,gram
27,34,33,19.24,42.32,6.57,129.01,Maharashtra,Rabi,rainfed,low,gram
24,30,36,24.26,49.66,6.89,154.9,Maharashtra,Rabi,rainfed,low,gram
27,32,38,24.51,40.86,7.63,136.21,Maharashtra,Rabi,rainfed,low,gram
26,36,39,21.92,48.08,7.41,173.59,Maharashtra,Rabi,rainfed,low,gram
30,40,30,18.9,53.5,6.72,137.54,Maharashtra,Rabi,rainfed,low,gram
26,32,29,22.2,48.32,7.33,163.0,Maharashtra,Rabi,rainfed,low,gram
26,33,37,20.72,44.43,7.44,149.57,Maharashtra,Rabi,rainfed,low,gram
25,33,37,22.38,47.41,6.67,155.62,Maharashtra,Rabi,rainfed,low,gram
27,30,30,22.54,51.26,6.71,128.27,Maharashtra,Rabi,rainfed,low,gram
30,33,35,20.87,48.71,6.6,162.82,Maharashtra,Rabi,rainfed,low,gram
19,40,32,22.16,47.41,6.47,181.89,Maharashtra,Rabi,rainfed,low,gram
29,39,29,21.86,41.48,7.15,128.08,Maharashtra,Rabi,rainfed,low,gram
40,38,38,21.13,48.03,7.43,124.97,Maharashtra,Rabi,rainfed,low,gram
25,40,32,20.38,44.08,6.65,104.28,Maharashtra,Rabi,rainfed,low,gram
20,35,35,25.28,46.34,6.63,149.34,Maharashtra,Rabi,rainfed,low,gram
30,40,36,22.36,46.87,7.37,122.35,Maharashtra,Rabi,rainfed,low,gram
19,45,32,22.3,35.76,7.67,176.97,Maharashtra,Rabi,rainfed,low,gram
21,33,34,19.6,48.37,7.48,157.56,Maharashtra,Rabi,rainfed,low,gram
21,30,32,21.13,45.62,7.0,107.91,Maharashtra,Rabi,rainfed,low,gram
31,38,35,22.14,45.41,6.88,126.26,Maharashtra,Rabi,rainfed,low,gram
34,35,26,21.46,38.51,7.19,153.34,Maharashtra,Rabi,rainfed,low,gram
25,30,35,21.38,39.06,7.54,128.07,Maharashtra,Rabi,rainfed,low,gram
22,42,37,20.87,41.7,6.77,139.79,Maharashtra,Rabi,rainfed,low,gram
33,41,33,22.48,45.7,6.78,114.99,Maharashtra,Rabi,rainfed,low,gram
29,40,30,23.28,45.02,7.13,144.84,Maharashtra,Rabi,rainfed,low,gram
33,37,32,21.61,41.94,6.28,137.6,Maharashtra,Rabi,rainfed,low,gram
27,38,32,20.8,35.2,7.29,154.92,Maharashtra,Rabi,rainfed,low,gram
31,35,37,20.67,46.34,7.19,165.4,Maharashtra,Rabi,rainfed,low,gram
29,37,34,21.21,49.95,6.49,135.32,Maharashtra,Rabi,rainfed,low,gram
34,32,32,23.58,46.02,6.79,177.96,Maharashtra,Rabi,rainfed,low,gram
26,34,24,21.31,49.12,6.94,120.1,Maharashtra,Rabi,rainfed,low,gram
25,32,31,20.72,52.88,7.21,109.4,Maharashtra,Rabi,rainfed,low,gram
28,35,37,21.27,45.79,7.78,125.06,Maharashtra,Rabi,rainfed,low,gram
31,35,30,20.53,51.71,7.27,164.03,Maharashtra,Rabi,rainfed,low,gram
31,37,28,19.14,52.4,7.18,151.85,Maharashtra,Rabi,rainfed,low,gram
35,30,22,18.78,44.46,7.14,182.47,Maharashtra,Rabi,rainfed,low,gram
31,22,44,20.88,51.21,7.3,150.12,Maharashtra,Rabi,rainfed,low,gram
27,29,27,21.25,41.18,7.7,152.26,Maharashtra,Rabi,rainfed,low,gram
36,33,30,22.39,45.51,7.46,183.56,Maharashtra,Rabi,rainfed,low,gram
32,42,36,20.68,50.87,7.36,135.59,Maharashtra,Rabi,rainfed,low,gram
25,35,37,21.68,46.48,7.04,141.76,Maharashtra,Rabi,rainfed,low,gram
23,39,28,21.6,44.93,7.38,142.02,Maharashtra,Rabi,rainfed,low,gram
23,40,29,21.73,51.38,6.83,147.58,Maharashtra,Rabi,rainfed,low,gram
26,36,32,22.88,44.12,7.57,187.44,Maharashtra,Rabi,rainfed,low,gram
29,31,32,21.31,53.29,7.06,182.27,Maharashtra,Rabi,rainfed,low,gram
28,35,31,21.11,49.91,6.83,172.39,Maharashtra,Rabi,rainfed,low,gram
34,32,38,23.07,49.83,6.87,147.21,Maharashtra,Rabi,rainfed,low,gram
27,45,32,21.23,42.1,6.74,134.04,Maharashtra,Rabi,rainfed,low,gram
29,28,30,18.71,51.87,7.14,157.24,Maharashtra,Rabi,rainfed,low,gram
23,41,39,21.6,44.66,7.3,167.15,Maharashtra,Rabi,rainfed,low,gram
31,38,37,20.46,50.0,6.93,91.43,Maharashtra,Rabi,rainfed,low,gram
26,32,34,22.76,47.24,7.84,137.75,Maharashtra,Rabi,rainfed,low,gram
19,36,30,19.87,45.36,6.81,134.02,Maharashtra,Rabi,rainfed,low,gram
34,36,31,23.9,45.37,6.65,119.05,Maharashtra,Rabi,rainfed,low,gram
27,27,28,20.93,50.84,7.57,165.39,Maharashtra,Rabi,rainfed,low,gram
27,32,34,24.17,47.04,6.93,146.32,Maharashtra,Rabi,rainfed,low,gram
26,38,29,22.11,48.68,7.23,124.65,Maharashtra,Rabi,rainfed,low,gram
27,32,32,20.5,51.27,7.17,112.24,Maharashtra,Rabi,rainfed,low,gram
22,41,32,20.92,50.83,7.04,122.11,Maharashtra,Rabi,rainfed,low,gram
23,38,41,22.76,45.04,7.02,151.13,Maharashtra,Rabi,rainfed,low,gram
19,35,35,24.16,50.68,7.81,189.21,Maharashtra,Rabi,rainfed,low,gram
33,35,34,18.99,47.0,7.31,143.39,Maharashtra,Rabi,rainfed,low,gram
21,43,34,24.08,49.34,7.6,177.14,Maharashtra,Rabi,rainfed,low,gram
25,32,31,20.05,53.27,7.12,160.72,Maharashtra,Rabi,rainfed,low,gram
22,39,31,23.39,43.87,7.59,171.95,Maharashtra,Rabi,rainfed,low,gram
26,42,37,22.23,42.69,7.39,151.54,Maharashtra,Rabi,rainfed,low,gram
28,35,32,20.2,40.69,6.47,156.98,Maharashtra,Rabi,rainfed,low,gram
17,39,35,21.05,50.44,7.0,159.77,Maharashtra,Rabi,rainfed,low,gram
19,24,32,22.13,50.14,7.04,155.75,Maharashtra,Rabi,rainfed,low,gram
31,34,35,19.81,40.15,6.9,168.08,Maharashtra,Rabi,rainfed,low,gram
25,38,28,20.63,47.43,6.86,138.38,Maharashtra,Rabi,rainfed,low,gram
17,39,32,20.08,53.52,6.81,137.97,Maharashtra,Rabi,rainfed,low,gram
23,41,38,23.5,51.58,6.88,189.02,Maharashtra,Rabi,rainfed,low,gram
27,27,31,21.99,44.03,7.15,162.52,Maharashtra,Rabi,rainfed,low,gram
29,38,32,20.41,40.86,7.07,137.46,Maharashtra,Rabi,rainfed,low,gram
27,25,26,22.26,40.23,7.03,130.61,Maharashtra,Rabi,rainfed,low,gram
24,35,33,22.32,42.28,6.78,176.21,Maharashtra,Rabi,rainfed,low,gram
27,37,30,22.18,36.96,7.52,139.38,Maharashtra,Rabi,rainfed,low,gram
22,30,31,21.33,47.04,6.66,170.33,Maharashtra,Rabi,rainfed,low,gram
25,32,32,22.49,46.37,6.9,142.45,Maharashtra,Rabi,rainfed,low,gram
33,40,34,21.72,55.37,7.27,154.21,Maharashtra,Rabi,rainfed,low,gram
27,37,20,23.04,41.62,6.84,117.33,Maharashtra,Rabi,rainfed,low,gram
24,33,36,23.43,53.94,7.14,144.89,Maharashtra,Rabi,rainfed,low,gram
31,31,28,20.95,46.37,6.34,174.9,Maharashtra,Rabi,rainfed,low,gram
29,39,26,20.5,43.76,7.03,149.22,Maharashtra,Rabi,rainfed,low,gram
31,35,29,24.78,45.48,6.77,106.01,Maharashtra,Rabi,rainfed,low,gram
28,38,28,22.44,46.82,6.45,164.6,Maharashtra,Rabi,rainfed,low,gram
26,29,36,22.91,42.1,7.21,154.74,Maharashtra,Rabi,rainfed,low,gram
27,32,32,22.91,48.07,6.39,99.99,Maharashtra,Rabi,rainfed,low,gram
20,28,29,20.82,46.25,7.09,148.87,Maharashtra,Rabi,rainfed,low,gram
32,27,34,21.99,41.66,7.3,158.69,Maharashtra,Rabi,rainfed,low,gram
27,23,37,21.84,48.05,6.0,137.6,Maharashtra,Rabi,rainfed,low,gram
22,41,28,23.72,50.15,7.18,176.49,Maharashtra,Rabi,rainfed,low,gram
24,31,36,20.09,41.42,6.98,129.42,Maharashtra,Rabi,rainfed,low,gram
35,39,30,20.0,47.8,7.54,156.79,Maharashtra,Rabi,rainfed,low,gram
24,28,31,21.97,44.7,7.47,162.3,Maharashtra,Rabi,rainfed,low,gram
28,38,27,20.75,42.51,7.24,126.08,Maharashtra,Rabi,rainfed,low,gram
28,34,35,19.7,48.23,6.71,127.5,Maharashtra,Rabi,rainfed,low,gram
27,41,29,18.83,42.88,6.96,193.61,Maharashtra,Rabi,rainfed,low,gram
29,31,32,23.86,45.58,7.02,140.54,Maharashtra,Rabi,rainfed,low,gram
30,32,36,23.09,48.85,7.02,117.37,Maharashtra,Rabi,rainfed,low,gram
27,32,29,21.14,48.34,6.87,117.92,Maharashtra,Rabi,rainfed,low,gram
24,43,35,20.06,51.44,7.01,203.15,Maharashtra,Rabi,rainfed,low,gram
29,38,36,23.73,44.82,7.61,135.44,Maharashtra,Rabi,rainfed,low,gram
26,35,36,21.0,52.83,7.59,150.92,Maharashtra,Rabi,rainfed,low,gram
23,40,24,22.61,43.34,7.56,117.66,Maharashtra,Rabi,rainfed,low,gram
25,37,35,20.56,45.23,7.45,173.49,Maharashtra,Rabi,rainfed,low,gram
26,32,27,21.88,49.62,7.16,128.42,Maharashtra,Rabi,rainfed,low,gram
35,24,36,21.83,48.3,6.81,146.44,Maharashtra,Rabi,rainfed,low,gram
29,35,25,24.07,48.99,7.11,152.31,Maharashtra,Rabi,rainfed,low,gram
35,31,28,22.78,48.27,6.73,175.4,Maharashtra,Rabi,rainfed,low,gram
29,31,35,22.01,46.16,7.24,164.61,Maharashtra,Rabi,rainfed,low,gram
31,36,31,21.86,51.07,7.33,142.38,Maharashtra,Rabi,rainfed,low,gram
28,43,36,21.73,50.87,6.9,157.67,Maharashtra,Rabi,rainfed,low,gram
35,38,39,21.37,44.67,7.53,107.34,Maharashtra,Rabi,rainfed,low,gram
28,40,35,18.35,41.34,7.06,161.08,Maharashtra,Rabi,rainfed,low,gram
30,35,36,22.16,46.01,7.3,134.89,Maharashtra,Rabi,rainfed,low,gram
30,31,35,22.19,45.35,7.33,186.0,Maharashtra,Rabi,rainfed,low,gram
23,40,37,21.19,49.57,7.01,179.31,Maharashtra,Rabi,rainfed,low,gram
16,42,28,21.63,43.38,7.65,144.66,Maharashtra,Rabi,rainfed,low,gram
25,41,36,21.0,42.7,6.69,179.75,Maharashtra,Rabi,rainfed,low,gram
29,36,35,18.58,45.26,6.99,172.9,Maharashtra,Rabi,rainfed,low,gram
21,40,40,18.92,46.56,7.28,170.37,Maharashtra,Rabi,rainfed,low,gram
18,37,32,21.08,54.43,7.02,160.5,Maharashtra,Rabi,rainfed,low,gram
27,36,35,22.84,43.52,7.16,154.39,Maharashtra,Rabi,rainfed,low,gram
21,30,36,20.81,56.51,7.45,160.54,Maharashtra,Rabi,rainfed,low,gram
34,39,33,19.38,49.05,7.61,136.17,Maharashtra,Rabi,rainfed,low,gram
20,30,40,21.62,52.1,7.11,138.41,Maharashtra,Rabi,rainfed,low,gram
36,33,31,22.19,45.39,7.39,160.41,Maharashtra,Rabi,rainfed,low,gram
30,32,26,20.25,43.65,7.21,130.98,Maharashtra,Rabi,rainfed,low,gram
21,29,34,22.53,44.56,6.95,164.33,Maharashtra,Rabi,rainfed,low,gram
28,41,32,20.25,50.66,6.99,131.6,Maharashtra,Rabi,rainfed,low,gram
31,42,33,19.99,52.38,7.24,155.13,Maharashtra,Rabi,rainfed,low,gram
26,41,28,19.69,53.76,6.78,172.39,Maharashtra,Rabi,rainfed,low,gram
33,36,29,22.44,51.84,7.23,132.58,Maharashtra,Rabi,rainfed,low,gram
29,28,28,21.11,46.74,6.66,155.83,Maharashtra,Rabi,rainfed,low,gram
30,34,24,21.66,53.46,7.27,150.36,Maharashtra,Rabi,rainfed,low,gram
26,38,33,22.56,42.3,7.14,139.24,Maharashtra,Rabi,rainfed,low,gram
29,25,31,22.31,49.2,7.09,99.59,Maharashtra,Rabi,rainfed,low,gram
30,43,29,20.86,49.59,7.41,175.6,Maharashtra,Rabi,rainfed,low,gram
32,27,31,22.44,46.17,7.23,146.96,Maharashtra,Rabi,rainfed,low,gram
26,34,28,20.41,46.24,7.08,163.24,Maharashtra,Rabi,rainfed,low,gram
26,43,38,20.75,47.26,7.54,135.05,Maharashtra,Rabi,rainfed,low,gram
24,41,35,23.11,47.71,7.01,118.69,Maharashtra,Rabi,rainfed,low,gram
28,41,38,23.11,49.52,7.91,113.79,Maharashtra,Rabi,rainfed,low,gram
28,30,39,20.67,50.37,6.94,159.81,Maharashtra,Rabi,rainfed,low,gram
27,35,34,22.88,46.08,7.43,174.22,Maharashtra,Rabi,rainfed,low,gram
26,44,36,20.85,48.85,7.48,163.76,Maharashtra,Rabi,rainfed,low,gram
28,20,28,22.52,42.72,7.29,170.64,Maharashtra,Rabi,rainfed,low,gram
27,26,29,22.53,51.32,6.34,151.89,Maharashtra,Rabi,rainfed,low,gram
21,35,32,25.04,44.43,7.48,173.54,Maharashtra,Rabi,rainfed,low,gram
27,36,33,20.38,43.32,6.95,123.44,Maharashtra,Rabi,rainfed,low,gram
25,34,33,22.17,45.75,6.82,159.93,Maharashtra,Rabi,rainfed,low,gram
31,33,28,20.83,45.8,7.52,166.19,Maharashtra,Rabi,rainfed,low,gram
27,45,32,23.62,51.18,7.52,157.49,Maharashtra,Rabi,rainfed,low,gram
28,35,36,20.32,45.49,7.71,164.55,Maharashtra,Rabi,rainfed,low,gram
31,29,31,22.0,46.34,6.65,167.73,Maharashtra,Rabi,rainfed,low,gram
32,34,36,24.54,52.35,7.01,124.25,Maharashtra,Rabi,rainfed,low,gram
28,47,38,21.49,52.49,7.53,105.68,Maharashtra,Rabi,rainfed,low,gram
32,36,29,21.64,48.09,6.81,147.2,Maharashtra,Rabi,rainfed,low,gram
26,39,31,18.95,44.78,6.75,119.81,Maharashtra,Rabi,rainfed,low,gram
32,39,28,19.6,46.11,6.61,144.35,Maharashtra,Rabi,rainfed,low,gram
28,37,34,20.33,46.77,7.57,101.07,Maharashtra,Rabi,rainfed,low,gram
29,29,38,22.73,49.51,6.79,156.16,Maharashtra,Rabi,rainfed,low,gram
29,23,33,22.42,41.08,7.32,152.33,Maharashtra,Rabi,rainfed,low,gram
33,33,33,22.01,35.74,6.97,152.01,Maharashtra,Rabi,rainfed,low,gram
18,38,33,21.62,49.26,6.95,151.01,Maharashtra,Rabi,rainfed,low,gram
31,35,25,21.58,46.75,7.43,141.99,Maharashtra,Rabi,rainfed,low,gram
23,30,39,21.93,51.83,7.66,132.65,Maharashtra,Rabi,rainfed,low,gram
24,34,35,19.4,48.24,7.25,123.74,Maharashtra,Rabi,rainfed,low,gram
23,37,41,21.06,47.76,6.88,155.52,Maharashtra,Rabi,rainfed,low,gram
25,34,43,21.66,40.5,7.34,176.35,Maharashtra,Rabi,rainfed,low,gram
30,34,29,20.16,45.77,6.97,136.97,Maharashtra,Rabi,rainfed,low,gram
33,40,38,20.32,42.97,7.13,159.68,Maharashtra,Rabi,rainfed,low,gram
28,37,39,21.17,49.59,7.29,152.22,Maharashtra,Rabi,rainfed,low,gram
31,31,28,22.15,40.22,7.29,123.68,Maharashtra,Rabi,rainfed,low,gram
34,33,39,21.18,45.53,7.42,156.84,Maharashtra,Rabi,rainfed,low,gram
27,33,31,25.04,40.08,6.66,177.46,Maharashtra,Rabi,rainfed,low,gram
32,30,25,23.41,42.49,6.92,152.24,Maharashtra,Rabi,rainfed,low,gram
23,40,33,20.18,43.46,7.58,143.5,Maharashtra,Rabi,rainfed,low,gram
30,35,25,22.62,50.62,7.78,105.65,Maharashtra,Rabi,rainfed,low,gram
15,38,30,19.35,46.91,6.94,120.22,Maharashtra,Rabi,rainfed,low,gram
27,38,33,21.77,48.2,6.48,148.8,Maharashtra,Rabi,rainfed,low,gram
28,33,29,20.38,45.38,7.44,185.64,Maharashtra,Rabi,rainfed,low,gram
33,27,29,22.49,51.49,6.75,154.28,Maharashtra,Rabi,rainfed,low,gram
23,36,30,21.77,41.85,6.5,220.0,Maharashtra,Rabi,rainfed,low,gram
28,46,39,19.05,47.89,6.63,143.09,Maharashtra,Rabi,rainfed,low,gram
20,27,29,20.68,46.65,6.72,153.48,Maharashtra,Rabi,rainfed,low,gram
32,36,32,22.01,41.0,7.45,122.06,Maharashtra,Rabi,rainfed,low,gram
34,39,35,22.4,46.49,6.81,128.03,Maharashtra,Rabi,rainfed,low,gram
35,36,28,22.28,47.81,6.98,129.05,Maharashtra,Rabi,rainfed,low,gram
31,40,34,21.61,43.5,7.28,135.19,Maharashtra,Rabi,rainfed,low,gram
22,41,28,18.65,51.52,6.46,140.91,Maharashtra,Rabi,rainfed,low,gram
23,31,42,21.35,47.88,7.39,134.91,Maharashtra,Rabi,rainfed,low,gram
32,37,36,20.41,48.2,7.1,176.36,Maharashtra,Rabi,rainfed,low,gram
25,45,34,21.31,45.57,7.1,135.33,Maharashtra,Rabi,rainfed,low,gram
30,35,41,20.85,46.04,6.94,193.61,Maharashtra,Rabi,rainfed,low,gram
21,35,34,19.81,56.63,6.76,150.78,Maharashtra,Rabi,rainfed,low,gram
35,33,33,20.98,46.3,7.5,140.16,Maharashtra,Rabi,rainfed,low,gram
16,35,33,21.79,45.8,6.78,144.28,Maharashtra,Rabi,rainfed,low,gram
35,35,35,19.95,45.38,6.73,180.19,Maharashtra,Rabi,rainfed,low,gram
21,37,34,21.91,37.51,6.36,152.73,Maharashtra,Rabi,rainfed,low,gram
24,32,31,19.92,41.8,7.1,105.52,Maharashtra,Rabi,rainfed,low,gram
25,32,32,25.08,42.74,7.25,155.15,Maharashtra,Rabi,rainfed,low,gram
30,34,39,22.53,49.19,6.58,152.25,Maharashtra,Rabi,rainfed,low,gram
25,31,30,21.42,48.25,7.46,171.81,Maharashtra,Rabi,rainfed,low,gram
29,35,31,21.13,43.51,6.94,158.26,Maharashtra,Rabi,rainfed,low,gram
34,34,29,22.95,38.82,7.48,116.57,Maharashtra,Rabi,rainfed,low,gram
30,33,34,24.62,43.29,6.73,151.82,Maharashtra,Rabi,rainfed,low,gram
34,36,33,21.75,42.65,7.17,140.83,Maharashtra,Rabi,rainfed,low,gram
33,39,27,21.08,48.52,6.74,124.82,Maharashtra,Rabi,rainfed,low,gram
26,37,37,21.85,55.94,6.85,167.27,Maharashtra,Rabi,rainfed,low,gram
23,43,38,22.57,39.84,7.36,130.89,Maharashtra,Rabi,rainfed,low,gram
29,28,34,20.97,43.52,7.32,148.8,Maharashtra,Rabi,rainfed,low,gram
27,39,40,21.91,39.58,6.53,151.61,Maharashtra,Rabi,rainfed,low,gram
32,36,35,21.41,50.19,7.33,126.21,Maharashtra,Rabi,rainfed,low,gram
29,27,34,21.08,47.12,7.22,156.57,Maharashtra,Rabi,rainfed,low,gram
33,35,33,23.49,53.77,7.09,138.05,Maharashtra,Rabi,rainfed,low,gram
26,37,32,18.88,50.81,7.4,176.76,Maharashtra,Rabi,rainfed,low,gram
33,36,34,23.01,41.84,6.97,148.62,Maharashtra,Rabi,rainfed,low,gram
31,32,30,20.85,48.3,7.07,116.15,Maharashtra,Rabi,rainfed,low,gram
22,36,33,21.54,44.7,7.39,158.61,Maharashtra,Rabi,rainfed,low,gram
29,37,39,19.96,44.89,6.98,179.35,Maharashtra,Rabi,rainfed,low,gram
26,31,32,21.66,51.09,6.96,133.96,Maharashtra,Rabi,rainfed,low,gram
24,33,43,22.07,48.79,7.1,153.21,Maharashtra,Rabi,rainfed,low,gram
31,38,34,21.52,45.15,7.26,151.95,Maharashtra,Rabi,rainfed,low,gram
36,40,30,19.75,44.97,6.7,139.31,Maharashtra,Rabi,rainfed,low,gram
23,33,31,21.72,45.71,6.77,178.35,Maharashtra,Rabi,rainfed,low,gram
29,32,29,19.3,40.59,7.48,171.96,Maharashtra,Rabi,rainfed,low,gram
25,42,35,21.8,49.8,7.33,153.59,Maharashtra,Rabi,rainfed,low,gram
26,34,26,20.3,53.4,6.8,106.82,Maharashtra,Rabi,rainfed,low,gram
31,36,34,21.26,49.99,7.66,137.83,Maharashtra,Rabi,rainfed,low,gram
30,41,30,23.76,50.77,6.64,187.22,Maharashtra,Rabi,rainfed,low,gram
23,32,35,23.06,46.88,6.87,143.93,Maharashtra,Rabi,rainfed,low,gram
26,39,31,20.52,40.84,6.88,147.24,Maharashtra,Rabi,rainfed,low,gram
23,26,37,20.0,41.48,7.68,169.8,Maharashtra,Rabi,rainfed,low,gram
32,38,38,22.83,45.18,6.71,120.06,Maharashtra,Rabi,rainfed,low,gram
27,30,29,21.27,51.86,6.55,150.69,Maharashtra,Rabi,rainfed,low,gram
22,32,36,20.23,45.49,7.15,166.36,Maharashtra,Rabi,rainfed,low,gram
25,41,31,22.23,45.77,7.37,197.31,Maharashtra,Rabi,rainfed,low,gram
26,35,31,20.62,43.82,7.09,131.87,Maharashtra,Rabi,rainfed,low,gram
24,20,38,23.97,48.99,6.78,120.52,Maharashtra,Rabi,rainfed,low,gram
21,38,38,21.75,49.79,7.26,132.01,Maharashtra,Rabi,rainfed,low,gram
32,40,28,22.71,45.93,7.0,159.11,Maharashtra,Rabi,rainfed,low,gram
29,39,29,22.35,42.05,7.03,147.38,Maharashtra,Rabi,rainfed,low,gram
32,35,31,23.64,44.86,6.93,106.22,Maharashtra,Rabi,rainfed,low,gram
27,30,31,21.86,42.34,6.8,112.68,Maharashtra,Rabi,rainfed,low,gram
25,30,41,23.76,51.64,6.63,145.86,Maharashtra,Rabi,rainfed,low,gram
22,44,36,19.92,47.92,6.56,146.82,Maharashtra,Rabi,rainfed,low,gram
27,39,37,21.53,45.64,6.0,186.45,Maharashtra,Rabi,rainfed,low,gram
25,36,42,19.71,46.58,7.28,175.49,Maharashtra,Rabi,rainfed,low,gram
28,41,31,22.32,48.09,7.07,157.55,Maharashtra,Rabi,rainfed,low,gram
24,34,27,20.84,50.86,7.25,157.19,Maharashtra,Rabi,rainfed,low,gram
21,37,32,22.31,51.8,6.95,142.64,Maharashtra,Rabi,rainfed,low,gram
31,32,33,18.51,45.32,7.58,157.83,Maharashtra,Rabi,rainfed,low,gram
31,40,38,20.98,50.11,7.92,149.39,Maharashtra,Rabi,rainfed,low,gram
22,32,34,19.01,43.58,6.98,152.56,Maharashtra,Rabi,rainfed,low,gram
35,38,28,26.0,46.44,6.48,125.77,Maharashtra,Rabi,rainfed,low,gram
23,28,35,17.5,50.27,7.4,139.35,Maharashtra,Rabi,rainfed,low,gram
31,30,29,22.32,45.7,6.87,147.35,Maharashtra,Rabi,rainfed,low,gram
33,41,34,20.97,48.5,6.78,177.28,Maharashtra,Rabi,rainfed,low,gram
31,45,29,20.11,48.61,7.0,173.32,Maharashtra,Rabi,rainfed,low,gram
33,44,33,22.82,44.52,7.18,148.75,Maharashtra,Rabi,rainfed,low,gram
27,44,27,21.49,46.71,7.34,124.4,Maharashtra,Rabi,rainfed,low,gram
26,32,23,23.24,40.87,6.51,172.11,Maharashtra,Rabi,rainfed,low,gram
26,33,31,23.11,44.38,7.32,123.37,Maharashtra,Rabi,rainfed,low,gram
29,40,38,19.18,45.36,7.69,171.51,Maharashtra,Rabi,rainfed,low,gram
27,35,34,20.94,48.6,7.28,123.99,Maharashtra,Rabi,rainfed,low,gram
25,33,31,21.9,47.19,6.84,181.27,Maharashtra,Rabi,rainfed,low,gram
28,42,39,19.91,44.62,6.95,157.31,Maharashtra,Rabi,rainfed,low,gram
31,36,30,23.98,44.82,7.37,149.13,Maharashtra,Rabi,rainfed,low,gram
27,38,39,21.96,44.63,7.64,161.52,Maharashtra,Rabi,rainfed,low,gram
28,40,34,25.19,46.51,7.52,160.31,Maharashtra,Rabi,rainfed,low,gram
29,33,31,22.24,43.17,6.89,150.36,Maharashtra,Rabi,rainfed,low,gram
33,35,33,19.91,53.0,7.51,178.46,Maharashtra,Rabi,rainfed,low,gram
21,37,29,22.66,47.73,7.29,133.28,Maharashtra,Rabi,rainfed,low,gram
23,32,34,21.14,47.47,6.72,149.85,Maharashtra,Rabi,rainfed,low,gram
33,37,34,22.1,44.54,7.7,158.33,Maharashtra,Rabi,rainfed,low,gram
28,38,36,19.63,46.72,7.92,188.62,Maharashtra,Rabi,rainfed,low,gram
27,39,31,22.03,44.74,6.93,136.19,Maharashtra,Rabi,rainfed,low,gram
35,33,37,20.85,44.41,7.24,119.7,Maharashtra,Rabi,rainfed,low,gram
30,34,30,20.35,54.06,7.09,148.22,Maharashtra,Rabi,rainfed,low,gram
31,31,37,21.45,41.2,6.91,124.45,Maharashtra,Rabi,rainfed,low,gram
28,31,29,21.94,46.67,7.54,177.18,Maharashtra,Rabi,rainfed,low,gram
28,37,27,22.54,48.07,7.45,142.85,Maharashtra,Rabi,rainfed,low,gram
26,34,38,21.92,40.77,7.34,139.19,Maharashtra,Rabi,rainfed,low,gram
32,38,38,23.06,50.09,7.52,169.02,Maharashtra,Rabi,rainfed,low,gram
25,29,29,22.6,37.98,7.09,143.8,Maharashtra,Rabi,rainfed,low,gram
33,34,31,23.47,46.15,7.01,138.58,Maharashtra,Rabi,rainfed,low,gram
29,33,31,23.68,46.69,6.94,126.78,Maharashtra,Rabi,rainfed,low,gram
28,32,31,20.22,47.25,6.62,159.6,Maharashtra,Rabi,rainfed,low,gram
25,39,35,21.66,49.74,7.67,179.6,Maharashtra,Rabi,rainfed,low,gram
22,32,30,22.46,44.5,6.89,132.87,Maharashtra,Rabi,rainfed,low,gram
29,38,27,20.73,39.24,6.22,161.31,Maharashtra,Rabi,rainfed,low,gram
29,36,39,18.99,38.53,6.69,100.54,Maharashtra,Rabi,rainfed,low,gram
25,38,34,23.04,47.92,6.95,137.73,Maharashtra,Rabi,rainfed,low,gram
29,27,20,22.09,47.4,7.68,166.25,Maharashtra,Rabi,rainfed,low,gram
29,33,29,21.08,50.16,7.27,171.8,Maharashtra,Rabi,rainfed,low,gram
28,31,37,23.11,47.21,7.3,161.69,Maharashtra,Rabi,rainfed,low,gram
26,34,29,21.1,50.45,7.41,163.03,Maharashtra,Rabi,rainfed,low,gram
31,33,28,21.26,46.2,7.35,161.93,Maharashtra,Rabi,rainfed,low,gram
32,25,29,21.36,48.34,7.87,127.2,Maharashtra,Rabi,rainfed,low,gram
25,33,29,20.17,46.68,7.46,152.78,Maharashtra,Rabi,rainfed,low,gram
24,34,28,22.97,52.14,6.52,155.34,Maharashtra,Rabi,rainfed,low,gram
24,35,32,19.49,51.13,7.04,139.03,Maharashtra,Rabi,rainfed,low,gram
28,31,32,18.74,37.46,6.74,137.58,Maharashtra,Rabi,rainfed,low,gram
20,33,30,21.41,48.85,7.73,159.99,Maharashtra,Rabi,rainfed,low,gram
23,38,38,19.82,42.42,6.58,136.83,Maharashtra,Rabi,rainfed,low,gram
29,42,36,22.08,46.68,7.24,160.51,Maharashtra,Rabi,rainfed,low,gram
33,35,34,20.89,46.93,7.01,122.24,Maharashtra,Rabi,rainfed,low,gram
31,42,32,22.0,49.8,7.05,154.42,Maharashtra,Rabi,rainfed,low,gram
27,32,35,22.27,50.04,7.1,122.0,Maharashtra,Rabi,rainfed,low,gram
32,31,29,20.7,39.82,7.02,164.45,Maharashtra,Rabi,rainfed,low,gram
26,42,38,22.83,39.08,7.63,144.47,Maharashtra,Rabi,rainfed,low,gram
34,32,32,21.63,42.93,6.51,94.06,Maharashtra,Rabi,rainfed,low,gram
40,27,26,22.36,41.04,6.51,82.93,Maharashtra,Rabi,rainfed,low,gram
29,30,35,21.39,46.83,6.93,143.56,Maharashtra,Rabi,rainfed,low,gram
24,31,28,23.77,44.98,6.27,156.04,Maharashtra,Rabi,rainfed,low,gram
24,35,31,23.74,45.03,7.4,166.58,Maharashtra,Rabi,rainfed,low,gram
22,36,29,19.69,41.88,7.4,211.67,Maharashtra,Rabi,rainfed,low,gram
24,36,34,20.71,51.9,7.91,136.05,Maharashtra,Rabi,rainfed,low,gram
35,32,28,21.29,49.83,7.06,167.22,Maharashtra,Rabi,rainfed,low,gram
28,42,35,23.8,43.21,7.03,149.96,Maharashtra,Rabi,rainfed,low,gram
24,30,34,22.5,46.93,7.49,124.26,Maharashtra,Rabi,rainfed,low,gram
26,29,33,22.23,51.64,6.67,158.69,Maharashtra,Rabi,rainfed,low,gram
33,30,27,19.29,48.89,6.83,161.15,Maharashtra,Rabi,rainfed,low,gram
27,44,36,20.29,45.34,7.39,125.07,Maharashtra,Rabi,rainfed,low,gram
32,34,36,21.21,44.49,6.85,190.42,Maharashtra,Rabi,rainfed,low,gram
26,50,33,20.22,40.42,7.55,145.48,Maharashtra,Rabi,rainfed,low,gram
31,47,35,22.01,51.2,7.39,120.54,Maharashtra,Rabi,rainfed,low,gram
33,35,39,22.26,51.07,7.02,114.6,Maharashtra,Rabi,rainfed,low,gram
30,40,30,21.2,38.01,7.04,120.82,Maharashtra,Rabi,rainfed,low,gram
30,37,33,23.48,47.42,7.17,157.5,Maharashtra,Rabi,rainfed,low,gram
25,40,29,22.13,51.17,6.72,118.68,Maharashtra,Rabi,rainfed,low,gram
23,44,30,19.7,47.9,6.1,127.73,Maharashtra,Rabi,rainfed,low,gram
33,30,31,21.94,47.63,6.9,162.75,Maharashtra,Rabi,rainfed,low,gram
34,30,30,21.34,49.18,7.11,147.03,Maharashtra,Rabi,rainfed,low,gram
21,29,33,20.73,45.19,7.08,204.64,Maharashtra,Rabi,rainfed,low,gram
25,42,38,22.71,43.25,7.15,140.89,Maharashtra,Rabi,rainfed,low,gram
36,37,32,24.18,45.15,7.3,166.39,Maharashtra,Rabi,rainfed,low,gram
29,34,36,20.56,50.77,7.0,181.22,Maharashtra,Rabi,rainfed,low,gram
32,38,32,23.15,48.69,6.0,130.92,Maharashtra,Rabi,rainfed,low,gram
28,36,35,23.82,48.75,6.34,154.61,Maharashtra,Rabi,rainfed,low,gram
33,36,33,20.76,50.14,6.97,163.83,Maharashtra,Rabi,rainfed,low,gram
29,35,35,21.8,51.4,7.35,174.26,Maharashtra,Rabi,rainfed,low,gram
24,31,33,22.62,48.54,6.82,168.21,Maharashtra,Rabi,rainfed,low,gram
25,38,34,21.16,44.45,7.15,151.94,Maharashtra,Rabi,rainfed,low,gram
23,38,37,22.79,47.71,6.94,153.01,Maharashtra,Rabi,rainfed,low,gram
27,36,36,21.34,39.46,7.39,159.27,Maharashtra,Rabi,rainfed,low,gram
28,29,29,20.43,44.26,6.92,122.43,Maharashtra,Rabi,rainfed,low,gram
36,43,34,21.45,53.5,7.7,132.74,Maharashtra,Rabi,rainfed,low,gram
29,34,31,21.25,46.17,7.18,155.05,Maharashtra,Rabi,rainfed,low,gram
33,31,37,19.89,47.41,7.48,163.28,Maharashtra,Rabi,rainfed,low,gram
26,36,39,20.61,48.67,7.45,140.95,Maharashtra,Rabi,rainfed,low,gram
35,45,37,23.14,39.87,6.62,148.03,Maharashtra,Rabi,rainfed,low,gram
25,38,21,22.43,45.83,6.9,194.49,Maharashtra,Rabi,rainfed,low,gram
26,27,34,22.07,45.83,7.96,154.9,Maharashtra,Rabi,rainfed,low,gram
32,37,38,21.0,42.42,7.38,156.98,Maharashtra,Rabi,rainfed,low,gram
31,32,35,19.11,44.66,6.84,161.57,Maharashtra,Rabi,rainfed,low,gram
25,28,30,22.4,47.0,6.83,169.58,Maharashtra,Rabi,rainfed,low,gram
34,40,23,21.86,45.96,6.35,119.89,Maharashtra,Rabi,rainfed,low,gram
31,36,33,20.52,50.65,6.65,129.28,Maharashtra,Rabi,rainfed,low,gram
26,27,29,23.09,43.26,7.39,164.82,Maharashtra,Rabi,rainfed,low,gram
27,28,33,18.33,44.47,7.19,170.29,Maharashtra,Rabi,rainfed,low,gram
27,32,30,20.8,48.89,7.23,149.49,Maharashtra,Rabi,rainfed,low,gram
30,35,27,19.83,48.81,6.6,141.11,Maharashtra,Rabi,rainfed,low,gram
27,30,26,19.74,39.56,7.32,159.27,Maharashtra,Rabi,rainfed,low,gram
24,28,37,22.16,44.12,7.54,153.21,Maharashtra,Rabi,rainfed,low,gram
29,30,26,19.14,54.48,6.8,151.52,Maharashtra,Rabi,rainfed,low,gram
29,35,32,21.24,48.34,6.72,139.72,Maharashtra,Rabi,rainfed,low,gram
18,26,27,22.78,45.45,7.36,158.98,Maharashtra,Rabi,rainfed,low,gram
29,30,33,21.88,54.94,6.97,167.09,Maharashtra,Rabi,rainfed,low,gram
27,31,36,24.34,47.5,6.85,160.91,Maharashtra,Rabi,rainfed,low,gram
29,46,36,20.1,51.39,7.38,171.83,Maharashtra,Rabi,rainfed,low,gram
29,40,34,21.12,47.01,7.06,157.97,Maharashtra,Rabi,rainfed,low,gram
28,33,32,21.49,39.67,7.48,158.12,Maharashtra,Rabi,rainfed,low,gram
25,38,30,20.74,47.94,7.62,156.53,Maharashtra,Rabi,rainfed,low,gram
24,33,36,22.11,50.18,7.24,167.99,Maharashtra,Rabi,rainfed,low,gram
36,28,43,22.9,56.56,6.74,158.92,Maharashtra,Rabi,rainfed,low,gram
28,39,34,22.04,49.49,7.06,137.96,Maharashtra,Rabi,rainfed,low,gram
29,32,32,19.34,46.71,6.76,149.23,Maharashtra,Rabi,rainfed,low,gram
23,35,36,20.61,42.92,7.39,171.31,Maharashtra,Rabi,rainfed,low,gram
29,33,30,21.0,46.27,6.47,127.06,Maharashtra,Rabi,rainfed,low,gram
33,36,38,23.02,45.3,6.99,172.55,Maharashtra,Rabi,rainfed,low,gram
31,40,32,21.71,45.52,7.08,134.0,Maharashtra,Rabi,rainfed,low,gram
27,34,31,22.69,41.09,7.22,128.49,Maharashtra,Rabi,rainfed,low,gram
24,31,34,18.11,47.15,7.12,127.36,Maharashtra,Rabi,rainfed,low,gram
28,29,32,19.62,54.36,7.42,155.75,Maharashtra,Rabi,rainfed,low,gram
24,34,32,21.86,48.03,7.18,157.99,Maharashtra,Rabi,rainfed,low,gram
27,37,30,19.9,53.58,7.25,192.14,Maharashtra,Rabi,rainfed,low,gram
26,47,33,23.22,46.63,7.16,147.31,Maharashtra,Rabi,rainfed,low,gram
25,40,32,22.75,49.96,7.62,159.83,Maharashtra,Rabi,rainfed,low,gram
21,33,32,21.52,51.55,7.52,146.62,Maharashtra,Rabi,rainfed,low,gram
38,33,31,19.86,40.52,6.67,173.65,Maharashtra,Rabi,rainfed,low,gram
31,31,33,22.71,38.71,7.75,174.56,Maharashtra,Rabi,rainfed,low,gram
31,41,24,21.17,51.32,7.1,167.33,Maharashtra,Rabi,rainfed,low,gram
34,39,31,22.36,40.09,7.28,167.49,Maharashtra,Rabi,rainfed,low,gram
28,41,34,21.72,53.52,6.75,182.48,Maharashtra,Rabi,rainfed,low,gram
33,39,31,22.01,43.42,6.89,153.07,Maharashtra,Rabi,rainfed,low,gram
24,34,28,22.48,52.77,7.91,125.88,Maharashtra,Rabi,rainfed,low,gram
24,35,36,21.36,50.63,7.34,111.41,Maharashtra,Rabi,rainfed,low,gram
28,29,31,21.05,49.78,7.13,141.77,Maharashtra,Rabi,rainfed,low,gram
37,31,34,22.67,47.57,6.81,130.45,Maharashtra,Rabi,rainfed,low,gram
31,41,33,19.69,46.96,7.7,129.11,Maharashtra,Rabi,rainfed,low,gram
27,36,37,20.87,48.78,7.65,118.01,Maharashtra,Rabi,rainfed,low,gram
22,35,37,22.17,51.02,6.52,160.65,Maharashtra,Rabi,rainfed,low,gram
16,42,38,21.17,38.07,7.06,178.63,Maharashtra,Rabi,rainfed,low,gram
30,45,32,24.71,39.17,6.86,122.33,Maharashtra,Rabi,rainfed,low,gram
31,29,37,22.69,47.61,7.1,127.96,Maharashtra,Rabi,rainfed,low,gram
30,33,36,23.9,45.71,7.62,156.81,Maharashtra,Rabi,rainfed,low,gram
30,29,30,20.61,52.05,7.01,167.04,Maharashtra,Rabi,rainfed,low,gram
28,34,27,18.79,45.59,7.03,131.87,Maharashtra,Rabi,rainfed,low,gram
29,45,39,21.63,46.96,7.36,157.17,Maharashtra,Rabi,rainfed,low,gram
30,37,33,20.61,48.07,6.29,157.28,Maharashtra,Rabi,rainfed,low,gram
19,37,29,23.49,47.02,7.12,160.57,Maharashtra,Rabi,rainfed,low,gram
24,41,36,20.74,42.62,6.96,147.49,Maharashtra,Rabi,rainfed,low,gram
23,33,30,21.2,45.76,7.28,150.73,Maharashtra,Rabi,rainfed,low,gram
29,36,32,22.53,35.98,6.97,136.68,Maharashtra,Rabi,rainfed,low,gram
28,32,35,22.59,41.19,7.18,120.11,Maharashtra,Rabi,rainfed,low,gram
29,33,29,18.93,46.15,6.68,115.38,Maharashtra,Rabi,rainfed,low,gram
28,40,34,19.35,45.98,7.35,146.82,Maharashtra,Rabi,rainfed,low,gram
29,33,31,20.51,48.85,7.35,137.05,Maharashtra,Rabi,rainfed,low,gram
31,28,32,19.47,42.16,6.6,134.7,Maharashtra,Rabi,rainfed,low,gram
30,35,30,21.24,38.62,7.31,97.56,Maharashtra,Rabi,rainfed,low,gram
25,35,34,21.86,46.31,7.63,197.01,Maharashtra,Rabi,rainfed,low,gram
28,34,32,20.58,47.94,7.57,91.9,Maharashtra,Rabi,rainfed,low,gram
27,42,34,22.12,40.36,7.36,173.55,Maharashtra,Rabi,rainfed,low,gram
28,32,34,19.94,42.01,7.39,175.57,Maharashtra,Rabi,rainfed,low,gram
24,29,29,21.8,42.04,7.57,139.15,Maharashtra,Rabi,rainfed,low,gram
29,31,35,22.5,40.07,6.85,146.35,Maharashtra,Rabi,rainfed,low,gram
25,39,30,22.57,48.36,7.06,167.65,Maharashtra,Rabi,rainfed,low,gram
21,35,29,21.34,44.7,7.12,150.22,Maharashtra,Rabi,rainfed,low,gram
28,36,35,19.61,48.45,6.55,84.8,Maharashtra,Rabi,rainfed,low,gram
36,30,31,18.7,44.76,7.18,155.66,Maharashtra,Rabi,rainfed,low,gram
22,33,34,21.86,46.99,7.38,147.46,Maharashtra,Rabi,rainfed,low,gram
33,34,35,22.6,40.22,7.26,135.06,Maharashtra,Rabi,rainfed,low,gram
23,33,33,19.15,46.6,7.02,174.22,Maharashtra,Rabi,rainfed,low,gram
25,41,34,21.45,51.38,7.8,145.09,Maharashtra,Rabi,rainfed,low,gram
24,37,27,19.55,51.51,7.31,129.98,Maharashtra,Rabi,rainfed,low,gram
40,28,35,20.31,53.33,6.91,143.36,Maharashtra,Rabi,rainfed,low,gram
20,45,30,22.22,46.52,6.9,98.02,Maharashtra,Rabi,rainfed,low,gram
27,34,34,24.72,48.97,7.42,142.88,Maharashtra,Rabi,rainfed,low,gram
22,34,29,21.42,44.61,6.48,179.56,Maharashtra,Rabi,rainfed,low,gram
27,33,28,20.79,43.19,6.66,153.8,Maharashtra,Rabi,rainfed,low,gram
26,39,31,21.67,46.83,7.24,130.37,Maharashtra,Rabi,rainfed,low,gram
31,29,33,19.69,46.04,7.43,162.96,Maharashtra,Rabi,rainfed,low,gram
32,33,36,20.46,44.74,7.15,169.83,Maharashtra,Rabi,rainfed,low,gram
25,38,33,22.01,43.22,6.96,147.82,Maharashtra,Rabi,rainfed,low,gram
29,31,27,18.3,49.36,7.45,103.11,Maharashtra,Rabi,rainfed,low,gram
28,33,38,21.18,48.59,6.94,133.97,Maharashtra,Rabi,rainfed,low,gram
31,40,27,23.21,42.76,6.24,150.25,Maharashtra,Rabi,rainfed,low,gram
30,27,24,20.76,44.09,7.6,150.28,Maharashtra,Rabi,rainfed,low,gram
31,36,39,20.16,46.16,6.52,168.93,Maharashtra,Rabi,rainfed,low,gram
32,39,32,19.27,46.17,6.85,171.53,Maharashtra,Rabi,rainfed,low,gram
26,33,42,22.7,50.62,6.91,124.32,Maharashtra,Rabi,rainfed,low,gram
32,42,27,20.72,43.0,7.28,175.35,Maharashtra,Rabi,rainfed,low,gram
26,33,24,20.07,52.28,7.28,171.61,Maharashtra,Rabi,rainfed,low,gram
26,34,33,21.99,51.77,6.85,146.78,Maharashtra,Rabi,rainfed,low,gram
24,25,36,24.12,49.43,7.18,193.25,Maharashtra,Rabi,rainfed,low,gram
29,39,33,21.94,45.99,7.41,124.54,Maharashtra,Rabi,rainfed,low,gram
29,31,35,25.09,49.18,7.53,171.06,Maharashtra,Rabi,rainfed,low,gram
18,34,34,18.37,45.41,7.07,121.26,Maharashtra,Rabi,rainfed,low,gram
23,42,20,21.91,50.96,7.09,182.87,Maharashtra,Rabi,rainfed,low,gram
26,30,32,20.93,44.31,7.03,131.52,Maharashtra,Rabi,rainfed,low,gram
24,29,34,20.0,41.74,6.71,154.8,Maharashtra,Rabi,rainfed,low,gram
30,39,33,22.3,46.29,7.27,160.27,Maharashtra,Rabi,rainfed,low,gram
24,30,38,21.69,50.53,6.7,140.54,Maharashtra,Rabi,rainfed,low,gram
22,38,30,20.67,54.0,7.34,165.26,Maharashtra,Rabi,rainfed,low,gram
22,26,37,18.14,44.58,6.8,128.41,Maharashtra,Rabi,rainfed,low,gram
26,30,27,21.88,50.59,6.46,154.56,Maharashtra,Rabi,rainfed,low,gram
30,37,32,20.6,49.41,7.22,105.8,Maharashtra,Rabi,rainfed,low,gram
27,35,28,21.13,48.38,6.8,155.44,Maharashtra,Rabi,rainfed,low,gram
23,29,35,23.26,41.96,7.45,149.7,Maharashtra,Rabi,rainfed,low,gram
18,28,35,19.06,44.13,7.07,160.45,Maharashtra,Rabi,rainfed,low,gram
28,43,29,21.65,48.24,7.36,174.53,Maharashtra,Rabi,rainfed,low,gram
26,38,29,21.38,48.42,7.46,163.31,Maharashtra,Rabi,rainfed,low,gram
28,35,35,24.78,49.78,7.24,118.06,Maharashtra,Rabi,rainfed,low,gram
24,33,36,20.09,48.96,7.14,158.28,Maharashtra,Rabi,rainfed,low,gram
27,32,28,22.42,46.21,6.71,155.21,Maharashtra,Rabi,rainfed,low,gram
40,34,39,17.62,45.46,7.45,150.36,Maharashtra,Rabi,rainfed,low,gram
25,35,37,24.72,50.58,6.91,144.57,Maharashtra,Rabi,rainfed,low,gram
27,31,32,21.09,41.9,7.41,159.82,Maharashtra,Rabi,rainfed,low,gram
25,36,28,20.67,49.14,7.27,138.03,Maharashtra,Rabi,rainfed,low,gram
29,35,28,21.25,48.16,7.21,110.51,Maharashtra,Rabi,rainfed,low,gram
28,35,25,20.29,48.38,7.61,111.72,Maharashtra,Rabi,rainfed,low,gram
32,26,38,21.14,43.76,7.23,127.54,Maharashtra,Rabi,rainfed,low,gram
30,34,20,20.28,47.23,7.49,157.73,Maharashtra,Rabi,rainfed,low,gram
32,31,36,22.62,40.25,7.5,157.64,Maharashtra,Rabi,rainfed,low,gram
26,34,28,22.45,47.66,7.31,151.84,Maharashtra,Rabi,rainfed,low,gram
28,34,37,22.41,47.16,7.05,108.75,Maharashtra,Rabi,rainfed,low,gram
19,33,38,20.44,43.95,6.74,119.89,Maharashtra,Rabi,rainfed,low,gram
24,36,30,20.69,44.1,7.19,159.11,Maharashtra,Rabi,rainfed,low,gram
20,31,32,22.16,46.99,7.4,117.06,Maharashtra,Rabi,rainfed,low,gram
29,45,33,21.63,48.49,6.9,127.91,Maharashtra,Rabi,rainfed,low,gram
28,27,34,22.35,40.35,7.16,144.95,Maharashtra,Rabi,rainfed,low,gram
34,42,36,23.32,45.1,7.2,144.11,Maharashtra,Rabi,rainfed,low,gram
23,35,32,21.2,46.27,7.12,170.72,Maharashtra,Rabi,rainfed,low,gram
25,29,35,22.78,47.87,6.68,146.93,Maharashtra,Rabi,rainfed,low,gram
29,30,29,21.28,51.03,7.18,136.64,Maharashtra,Rabi,rainfed,low,gram
27,32,31,22.58,39.14,7.58,201.08,Maharashtra,Rabi,rainfed,low,gram
28,31,37,21.92,44.48,6.74,140.53,Maharashtra,Rabi,rainfed,low,gram
28,39,34,22.18,45.22,7.41,145.18,Maharashtra,Rabi,rainfed,low,gram
35,32,34,24.78,50.49,7.37,156.93,Maharashtra,Rabi,rainfed,low,gram
28,34,30,19.2,48.96,6.54,165.2,Maharashtra,Rabi,rainfed,low,gram
26,30,38,19.33,43.95,6.89,153.49,Maharashtra,Rabi,rainfed,low,gram
25,42,27,26.0,42.44,8.18,175.5,Maharashtra,Rabi,rainfed,low,gram
27,36,31,22.02,43.67,7.36,154.25,Maharashtra,Rabi,rainfed,low,gram
23,37,34,20.42,44.86,7.29,175.45,Maharashtra,Rabi,rainfed,low,gram
27,40,37,23.45,48.1,6.77,170.8,Maharashtra,Rabi,rainfed,low,gram
27,38,30,20.6,43.81,6.61,136.31,Maharashtra,Rabi,rainfed,low,gram
23,38,28,20.5,46.51,7.76,133.85,Maharashtra,Rabi,rainfed,low,gram
22,28,29,20.51,55.33,7.45,142.65,Maharashtra,Rabi,rainfed,low,gram
35,32,31,20.79,50.44,7.07,185.17,Maharashtra,Rabi,rainfed,low,gram
29,40,25,18.95,40.11,6.94,114.09,Maharashtra,Rabi,rainfed,low,gram
33,34,35,20.76,49.66,6.38,148.86,Maharashtra,Rabi,rainfed,low,gram
30,38,31,18.93,50.38,6.96,142.87,Maharashtra,Rabi,rainfed,low,gram
37,35,30,20.63,48.97,6.8,161.94,Maharashtra,Rabi,rainfed,low,gram
43,39,39,27.67,59.62,6.31,596.17,Maharashtra,Kharif,rainfed,low,groundnut
30,45,37,27.57,67.34,6.92,585.96,Maharashtra,Kharif,rainfed,low,groundnut
35,51,47,26.99,64.4,6.84,447.55,Maharashtra,Kharif,rainfed,low,groundnut
30,44,39,26.06,61.46,6.86,581.77,Maharashtra,Kharif,rainfed,low,groundnut
37,46,55,26.87,63.88,6.44,449.9,Maharashtra,Kharif,rainfed,low,groundnut
41,43,48,27.21,67.57,6.33,592.89,Maharashtra,Kharif,rainfed,low,groundnut
39,36,42,28.69,69.0,6.79,501.87,Maharashtra,Kharif,rainfed,low,groundnut
30,48,43,27.05,62.18,6.84,630.38,Maharashtra,Kharif,rainfed,low,groundnut
40,45,41,28.28,69.11,6.87,537.12,Maharashtra,Kharif,rainfed,low,groundnut
33,47,51,27.77,62.62,6.42,676.05,Maharashtra,Kharif,rainfed,low,groundnut
31,40,46,27.26,66.75,6.88,454.17,Maharashtra,Kharif,rainfed,low,groundnut
31,41,49,28.0,61.64,6.66,459.3,Maharashtra,Kharif,rainfed,low,groundnut
31,38,46,27.67,59.39,6.71,586.67,Maharashtra,Kharif,rainfed,low,groundnut
30,43,48,27.49,57.97,6.48,497.35,Maharashtra,Kharif,rainfed,low,groundnut
34,44,53,27.26,56.7,6.62,626.95,Maharashtra,Kharif,rainfed,low,groundnut
34,43,43,28.18,61.87,6.2,485.81,Maharashtra,Kharif,rainfed,low,groundnut
35,48,42,27.15,63.16,6.39,519.65,Maharashtra,Kharif,rainfed,low,groundnut
37,39,47,26.23,59.08,6.42,604.65,Maharashtra,Kharif,rainfed,low,groundnut
26,43,45,28.86,70.14,6.49,556.46,Maharashtra,Kharif,rainfed,low,groundnut
35,44,46,25.65,62.82,6.72,474.85,Maharashtra,Kharif,rainfed,low,groundnut
37,36,45,29.07,62.2,6.34,441.87,Maharashtra,Kharif,rainfed,low,groundnut
37,50,45,26.96,55.92,6.63,484.79,Maharashtra,Kharif,rainfed,low,groundnut
32,53,36,25.55,63.85,6.5,494.74,Maharashtra,Kharif,rainfed,low,groundnut
36,46,40,26.81,63.18,6.64,553.19,Maharashtra,Kharif,rainfed,low,groundnut
32,47,50,27.55,62.62,6.54,488.99,Maharashtra,Kharif,rainfed,low,groundnut
30,44,47,26.46,62.72,6.55,628.71,Maharashtra,Kharif,rainfed,low,groundnut
39,49,50,26.86,68.05,6.64,522.39,Maharashtra,Kharif,rainfed,low,groundnut
29,43,36,27.21,60.89,6.49,444.15,Maharashtra,Kharif,rainfed,low,groundnut
39,48,53,29.44,63.57,6.87,540.24,Maharashtra,Kharif,rainfed,low,groundnut
33,44,48,31.0,67.28,6.67,553.22,Maharashtra,Kharif,rainfed,low,groundnut
37,45,49,27.32,59.29,6.73,560.89,Maharashtra,Kharif,rainfed,low,groundnut
34,47,50,27.44,61.36,6.41,510.2,Maharashtra,Kharif,rainfed,low,groundnut
43,44,47,27.12,61.5,6.37,530.85,Maharashtra,Kharif,rainfed,low,groundnut
32,51,44,27.45,62.34,6.7,611.97,Maharashtra,Kharif,rainfed,low,groundnut
30,46,37,28.93,62.6,6.2,450.58,Maharashtra,Kharif,rainfed,low,groundnut
39,37,46,27.0,62.29,6.42,469.42,Maharashtra,Kharif,rainfed,low,groundnut
33,48,44,27.99,62.11,6.76,549.2,Maharashtra,Kharif,rainfed,low,groundnut
32,40,50,26.55,64.84,6.61,497.99,Maharashtra,Kharif,rainfed,low,groundnut
37,52,48,27.65,68.95,6.15,460.12,Maharashtra,Kharif,rainfed,low,groundnut
33,52,50,25.5,61.4,6.25,522.64,Maharashtra,Kharif,rainfed,low,groundnut
40,50,46,27.0,62.65,6.78,661.93,Maharashtra,Kharif,rainfed,low,groundnut
29,53,46,28.46,63.68,6.97,544.23,Maharashtra,Kharif,rainfed,low,groundnut
32,47,51,27.5,55.4,6.57,530.72,Maharashtra,Kharif,rainfed,low,groundnut
35,43,52,24.73,63.34,6.63,647.2,Maharashtra,Kharif,rainfed,low,groundnut
35,47,46,27.61,69.46,6.3,486.08,Maharashtra,Kharif,rainfed,low,groundnut
39,46,44,27.42,66.35,6.73,483.41,Maharashtra,Kharif,rainfed,low,groundnut
36,45,47,27.13,58.57,6.78,557.0,Maharashtra,Kharif,rainfed,low,groundnut
42,38,45,27.23,61.55,6.19,462.8,Maharashtra,Kharif,rainfed,low,groundnut
36,43,41,29.17,71.7,6.58,437.37,Maharashtra,Kharif,rainfed,low,groundnut
37,35,38,27.98,57.93,6.52,438.46,Maharashtra,Kharif,rainfed,low,groundnut
35,51,42,27.48,60.01,6.4,476.5,Maharashtra,Kharif,rainfed,low,groundnut
39,38,43,27.98,66.34,6.72,520.76,Maharashtra,Kharif,rainfed,low,groundnut
32,50,41,26.51,67.96,6.7,548.08,Maharashtra,Kharif,rainfed,low,groundnut
38,45,38,27.79,62.93,6.37,461.47,Maharashtra,Kharif,rainfed,low,groundnut
35,38,44,27.19,62.56,6.71,561.28,Maharashtra,Kharif,rainfed,low,groundnut
31,49,44,29.55,60.85,6.17,573.63,Maharashtra,Kharif,rainfed,low,groundnut
37,51,47,30.23,62.31,6.88,494.35,Maharashtra,Kharif,rainfed,low,groundnut
37,48,49,28.41,52.0,6.58,491.45,Maharashtra,Kharif,rainfed,low,groundnut
33,44,50,27.74,61.14,6.21,614.43,Maharashtra,Kharif,rainfed,low,groundnut
32,44,56,26.78,61.99,6.66,431.32,Maharashtra,Kharif,rainfed,low,groundnut
26,43,43,27.66,59.41,6.72,399.19,Maharashtra,Kharif,rainfed,low,groundnut
35,47,47,27.31,60.58,6.55,596.98,Maharashtra,Kharif,rainfed,low,groundnut
32,50,51,25.47,62.53,6.34,437.39,Maharashtra,Kharif,rainfed,low,groundnut
39,47,46,26.23,63.77,6.25,529.51,Maharashtra,Kharif,rainfed,low,groundnut
32,50,43,27.77,63.86,6.58,531.14,Maharashtra,Kharif,rainfed,low,groundnut
37,41,47,28.51,64.46,6.51,535.17,Maharashtra,Kharif,rainfed,low,groundnut
33,44,39,29.11,70.1,6.41,570.86,Maharashtra,Kharif,rainfed,low,groundnut
42,40,34,29.27,62.96,6.46,527.76,Maharashtra,Kharif,rainfed,low,groundnut
33,60,42,27.88,67.74,6.94,588.93,Maharashtra,Kharif,rainfed,low,groundnut
33,44,34,27.41,63.12,6.8,629.74,Maharashtra,Kharif,rainfed,low,groundnut
39,50,45,29.0,63.04,6.9,571.93,Maharashtra,Kharif,rainfed,low,groundnut
37,37,50,27.94,65.58,6.68,553.35,Maharashtra,Kharif,rainfed,low,groundnut
42,43,47,26.59,65.11,6.67,488.19,Maharashtra,Kharif,rainfed,low,groundnut
35,42,43,27.91,63.98,6.09,546.61,Maharashtra,Kharif,rainfed,low,groundnut
33,43,39,27.45,61.08,6.94,422.95,Maharashtra,Kharif,rainfed,low,groundnut
30,40,46,28.87,64.84,6.31,499.96,Maharashtra,Kharif,rainfed,low,groundnut
31,48,43,25.85,65.14,6.94,514.58,Maharashtra,Kharif,rainfed,low,groundnut
36,37,35,25.34,62.84,6.52,556.86,Maharashtra,Kharif,rainfed,low,groundnut
34,50,49,27.12,59.32,6.09,608.62,Maharashtra,Kharif,rainfed,low,groundnut
30,38,46,25.76,63.47,6.51,578.88,Maharashtra,Kharif,rainfed,low,groundnut
39,51,46,26.5,59.2,6.46,641.33,Maharashtra,Kharif,rainfed,low,groundnut
34,46,53,27.8,60.25,6.79,500.01,Maharashtra,Kharif,rainfed,low,groundnut
36,48,43,27.72,68.87,6.43,601.82,Maharashtra,Kharif,rainfed,low,groundnut
32,54,41,27.04,68.53,7.01,572.74,Maharashtra,Kharif,rainfed,low,groundnut
30,45,45,26.5,65.56,6.39,449.72,Maharashtra,Kharif,rainfed,low,groundnut
27,54,42,26.93,59.22,6.96,444.49,Maharashtra,Kharif,rainfed,low,groundnut
29,43,45,28.27,60.52,7.01,485.99,Maharashtra,Kharif,rainfed,low,groundnut
30,39,41,26.14,65.75,6.33,517.25,Maharashtra,Kharif,rainfed,low,groundnut
30,39,51,29.37,67.65,6.21,447.27,Maharashtra,Kharif,rainfed,low,groundnut
45,44,38,28.76,63.25,6.75,394.46,Maharashtra,Kharif,rainfed,low,groundnut
33,50,42,28.94,58.17,6.57,620.95,Maharashtra,Kharif,rainfed,low,groundnut
29,46,48,27.61,62.08,6.37,536.47,Maharashtra,Kharif,rainfed,low,groundnut
34,38,50,26.44,57.83,6.44,472.92,Maharashtra,Kharif,rainfed,low,groundnut
34,39,47,29.11,63.39,6.21,471.73,Maharashtra,Kharif,rainfed,low,groundnut
36,35,39,25.58,63.42,7.18,451.44,Maharashtra,Kharif,rainfed,low,groundnut
39,42,38,29.32,70.92,6.71,546.15,Maharashtra,Kharif,rainfed,low,groundnut
35,44,47,28.29,69.1,6.46,532.43,Maharashtra,Kharif,rainfed,low,groundnut
35,50,57,28.73,65.93,6.84,598.93,Maharashtra,Kharif,rainfed,low,groundnut
47,37,48,24.49,66.49,6.75,493.1,Maharashtra,Kharif,rainfed,low,groundnut
22,45,46,27.43,60.72,6.36,521.98,Maharashtra,Kharif,rainfed,low,groundnut
31,49,45,25.49,63.65,6.71,619.38,Maharashtra,Kharif,rainfed,low,groundnut
40,41,52,25.88,63.1,6.8,610.09,Maharashtra,Kharif,rainfed,low,groundnut
44,51,44,28.18,63.82,6.41,518.26,Maharashtra,Kharif,rainfed,low,groundnut
44,48,55,26.24,61.6,6.71,568.3,Maharashtra,Kharif,rainfed,low,groundnut
34,49,49,25.88,65.76,6.89,542.28,Maharashtra,Kharif,rainfed,low,groundnut
26,44,47,26.49,66.37,6.79,532.85,Maharashtra,Kharif,rainfed,low,groundnut
35,46,45,26.0,61.42,6.62,607.75,Maharashtra,Kharif,rainfed,low,groundnut
38,52,38,27.08,70.6,6.4,480.5,Maharashtra,Kharif,rainfed,low,groundnut
34,55,42,28.15,64.44,6.09,524.09,Maharashtra,Kharif,rainfed,low,groundnut
32,48,54,27.1,61.74,7.27,483.49,Maharashtra,Kharif,rainfed,low,groundnut
28,52,45,27.83,71.18,6.23,513.6,Maharashtra,Kharif,rainfed,low,groundnut
29,47,42,26.13,65.69,6.6,451.99,Maharashtra,Kharif,rainfed,low,groundnut
29,46,37,27.77,67.91,6.78,488.64,Maharashtra,Kharif,rainfed,low,groundnut
36,39,46,27.12,59.19,6.77,409.65,Maharashtra,Kharif,rainfed,low,groundnut
29,40,42,29.02,65.77,6.63,528.39,Maharashtra,Kharif,rainfed,low,groundnut
35,52,36,28.4,61.14,6.73,554.62,Maharashtra,Kharif,rainfed,low,groundnut
39,53,38,28.67,62.77,6.48,643.64,Maharashtra,Kharif,rainfed,low,groundnut
39,43,50,27.45,61.41,6.44,542.77,Maharashtra,Kharif,rainfed,low,groundnut
32,46,49,27.63,70.25,6.6,603.69,Maharashtra,Kharif,rainfed,low,groundnut
40,53,55,25.45,63.97,6.57,531.5,Maharashtra,Kharif,rainfed,low,groundnut
33,42,40,27.61,66.42,6.47,505.84,Maharashtra,Kharif,rainfed,low,groundnut
32,40,44,27.9,67.61,6.28,523.23,Maharashtra,Kharif,rainfed,low,groundnut
41,39,51,26.99,65.61,6.54,551.76,Maharashtra,Kharif,rainfed,low,groundnut
43,44,50,27.82,60.12,6.56,512.86,Maharashtra,Kharif,rainfed,low,groundnut
28,47,48,28.45,68.24,6.85,489.82,Maharashtra,Kharif,rainfed,low,groundnut
33,49,47,27.48,59.79,6.46,559.0,Maharashtra,Kharif,rainfed,low,groundnut
25,33,48,26.88,64.72,7.02,465.9,Maharashtra,Kharif,rainfed,low,groundnut
27,44,42,27.47,64.97,6.69,527.7,Maharashtra,Kharif,rainfed,low,groundnut
40,48,44,28.24,57.33,6.88,526.29,Maharashtra,Kharif,rainfed,low,groundnut
29,43,50,26.6,64.51,6.83,526.43,Maharashtra,Kharif,rainfed,low,groundnut
31,45,38,26.93,58.94,6.59,450.96,Maharashtra,Kharif,rainfed,low,groundnut
35,51,51,26.05,60.56,6.83,566.07,Maharashtra,Kharif,rainfed,low,groundnut
32,43,45,25.36,64.93,6.89,502.3,Maharashtra,Kharif,rainfed,low,groundnut
28,52,46,28.33,58.16,6.25,549.16,Maharashtra,Kharif,rainfed,low,groundnut
40,39,44,25.65,60.43,6.53,553.51,Maharashtra,Kharif,rainfed,low,groundnut
24,52,44,29.01,65.56,6.83,642.85,Maharashtra,Kharif,rainfed,low,groundnut
31,46,40,27.38,65.64,6.9,502.7,Maharashtra,Kharif,rainfed,low,groundnut
29,45,41,26.83,65.46,6.73,573.66,Maharashtra,Kharif,rainfed,low,groundnut
33,50,45,27.17,58.97,6.04,433.77,Maharashtra,Kharif,rainfed,low,groundnut
36,40,37,27.01,64.03,6.71,523.32,Maharashtra,Kharif,rainfed,low,groundnut
35,42,48,27.29,62.72,6.88,571.19,Maharashtra,Kharif,rainfed,low,groundnut
34,43,43,25.14,67.02,6.42,574.85,Maharashtra,Kharif,rainfed,low,groundnut
35,52,48,28.56,60.83,6.26,533.61,Maharashtra,Kharif,rainfed,low,groundnut
25,43,39,26.52,65.18,6.74,515.55,Maharashtra,Kharif,rainfed,low,groundnut
37,42,57,27.85,60.84,6.83,597.34,Maharashtra,Kharif,rainfed,low,groundnut
31,38,39,26.72,62.8,6.17,500.6,Maharashtra,Kharif,rainfed,low,groundnut
34,47,48,27.97,69.57,6.89,537.95,Maharashtra,Kharif,rainfed,low,groundnut
30,42,38,27.68,64.21,6.84,540.59,Maharashtra,Kharif,rainfed,low,groundnut
40,50,40,26.9,62.96,6.41,510.81,Maharashtra,Kharif,rainfed,low,groundnut
37,44,45,26.4,64.86,6.72,480.52,Maharashtra,Kharif,rainfed,low,groundnut
29,51,54,27.77,61.67,6.88,552.44,Maharashtra,Kharif,rainfed,low,groundnut
34,50,41,26.69,64.33,6.63,562.17,Maharashtra,Kharif,rainfed,low,groundnut
41,37,45,29.72,60.81,6.41,394.28,Maharashtra,Kharif,rainfed,low,groundnut
36,48,48,26.29,62.97,6.66,528.04,Maharashtra,Kharif,rainfed,low,groundnut
30,45,41,25.32,65.5,6.64,559.53,Maharashtra,Kharif,rainfed,low,groundnut
32,48,50,29.55,65.98,6.7,444.51,Maharashtra,Kharif,rainfed,low,groundnut
34,38,41,29.78,59.25,5.98,572.43,Maharashtra,Kharif,rainfed,low,groundnut
32,49,39,27.0,67.38,6.25,515.13,Maharashtra,Kharif,rainfed,low,groundnut
36,41,46,27.52,64.96,7.09,681.05,Maharashtra,Kharif,rainfed,low,groundnut
37,44,47,27.23,57.18,6.59,588.12,Maharashtra,Kharif,rainfed,low,groundnut
28,40,42,27.93,71.72,6.38,530.32,Maharashtra,Kharif,rainfed,low,groundnut
35,43,45,26.96,73.06,6.8,498.39,Maharashtra,Kharif,rainfed,low,groundnut
41,46,45,27.29,62.08,6.27,427.37,Maharashtra,Kharif,rainfed,low,groundnut
37,44,49,26.46,58.97,6.81,507.77,Maharashtra,Kharif,rainfed,low,groundnut
39,45,54,28.38,64.5,6.81,509.08,Maharashtra,Kharif,rainfed,low,groundnut
27,47,55,24.83,64.72,6.19,523.64,Maharashtra,Kharif,rainfed,low,groundnut
35,49,46,29.1,67.28,6.55,588.84,Maharashtra,Kharif,rainfed,low,groundnut
33,43,39,29.03,61.9,5.95,556.62,Maharashtra,Kharif,rainfed,low,groundnut
33,44,44,27.11,73.0,7.04,565.79,Maharashtra,Kharif,rainfed,low,groundnut
36,51,46,28.45,65.05,6.63,579.85,Maharashtra,Kharif,rainfed,low,groundnut
33,45,40,26.49,53.73,6.72,567.67,Maharashtra,Kharif,rainfed,low,groundnut
40,39,47,27.5,65.7,6.43,505.38,Maharashtra,Kharif,rainfed,low,groundnut
27,41,45,27.7,56.82,6.46,534.35,Maharashtra,Kharif,rainfed,low,groundnut
42,41,47,26.84,61.37,6.37,464.08,Maharashtra,Kharif,rainfed,low,groundnut
33,50,41,26.44,63.77,6.6,521.02,Maharashtra,Kharif,rainfed,low,groundnut
36,40,41,28.65,62.46,6.76,596.4,Maharashtra,Kharif,rainfed,low,groundnut
39,38,44,28.71,64.92,6.65,429.36,Maharashtra,Kharif,rainfed,low,groundnut
32,45,38,28.43,62.57,6.07,491.95,Maharashtra,Kharif,rainfed,low,groundnut
34,44,52,28.17,57.99,6.2,509.44,Maharashtra,Kharif,rainfed,low,groundnut
36,50,54,29.58,61.38,6.85,549.83,Maharashtra,Kharif,rainfed,low,groundnut
30,36,46,25.76,59.88,6.42,537.76,Maharashtra,Kharif,rainfed,low,groundnut
41,45,42,25.09,64.68,6.61,492.93,Maharashtra,Kharif,rainfed,low,groundnut
41,39,42,27.21,60.94,6.75,552.06,Maharashtra,Kharif,rainfed,low,groundnut
40,48,44,27.1,64.67,6.55,527.75,Maharashtra,Kharif,rainfed,low,groundnut
38,46,47,26.58,67.95,6.3,550.62,Maharashtra,Kharif,rainfed,low,groundnut
33,50,49,27.5,68.7,6.55,576.43,Maharashtra,Kharif,rainfed,low,groundnut
31,47,40,27.52,62.81,6.83,485.87,Maharashtra,Kharif,rainfed,low,groundnut
50,38,46,27.84,64.97,6.46,539.1,Maharashtra,Kharif,rainfed,low,groundnut
32,54,42,27.33,60.57,6.39,443.27,Maharashtra,Kharif,rainfed,low,groundnut
38,42,41,26.38,64.12,6.61,526.53,Maharashtra,Kharif,rainfed,low,groundnut
31,47,42,27.58,62.49,6.15,643.35,Maharashtra,Kharif,rainfed,low,groundnut
38,46,47,29.89,67.17,6.69,483.68,Maharashtra,Kharif,rainfed,low,groundnut
32,36,43,28.27,65.32,6.76,494.94,Maharashtra,Kharif,rainfed,low,groundnut
38,49,34,27.86,70.63,6.52,377.89,Maharashtra,Kharif,rainfed,low,groundnut
31,36,42,26.07,66.41,6.81,545.01,Maharashtra,Kharif,rainfed,low,groundnut
41,42,45,30.06,65.15,6.76,480.23,Maharashtra,Kharif,rainfed,low,groundnut
33,40,53,25.68,66.35,6.75,431.47,Maharashtra,Kharif,rainfed,low,groundnut
41,44,38,27.93,59.98,6.55,495.5,Maharashtra,Kharif,rainfed,low,groundnut
31,39,49,27.88,63.96,6.5,527.99,Maharashtra,Kharif,rainfed,low,groundnut
31,41,54,28.53,60.94,6.2,425.77,Maharashtra,Kharif,rainfed,low,groundnut
32,46,46,27.67,64.23,6.32,612.95,Maharashtra,Kharif,rainfed,low,groundnut
34,46,42,27.86,70.62,6.34,459.92,Maharashtra,Kharif,rainfed,low,groundnut
31,43,42,26.29,62.82,7.02,516.26,Maharashtra,Kharif,rainfed,low,groundnut
35,47,48,29.1,63.88,6.6,467.16,Maharashtra,Kharif,rainfed,low,groundnut
39,41,41,27.73,68.65,6.79,522.81,Maharashtra,Kharif,rainfed,low,groundnut
30,53,45,27.16,65.04,6.48,481.07,Maharashtra,Kharif,rainfed,low,groundnut
32,42,39,26.05,66.56,6.78,477.0,Maharashtra,Kharif,rainfed,low,groundnut
39,47,43,26.07,64.25,7.1,525.85,Maharashtra,Kharif,rainfed,low,groundnut
40,44,50,27.32,54.18,6.41,532.72,Maharashtra,Kharif,rainfed,low,groundnut
40,44,45,26.81,68.72,7.0,485.55,Maharashtra,Kharif,rainfed,low,groundnut
27,36,48,27.66,60.13,6.67,453.23,Maharashtra,Kharif,rainfed,low,groundnut
39,43,40,27.07,61.53,6.7,593.02,Maharashtra,Kharif,rainfed,low,groundnut
41,46,44,26.84,56.52,6.59,475.36,Maharashtra,Kharif,rainfed,low,groundnut
41,44,49,26.94,60.52,6.76,541.2,Maharashtra,Kharif,rainfed,low,groundnut
37,45,49,28.25,55.02,6.53,584.19,Maharashtra,Kharif,rainfed,low,groundnut
30,37,44,28.11,61.31,6.94,632.54,Maharashtra,Kharif,rainfed,low,groundnut
25,43,34,28.27,60.51,6.47,591.97,Maharashtra,Kharif,rainfed,low,groundnut
28,37,34,28.98,66.81,6.52,450.61,Maharashtra,Kharif,rainfed,low,groundnut
39,59,44,26.1,67.55,6.3,503.61,Maharashtra,Kharif,rainfed,low,groundnut
22,43,39,28.97,59.42,6.81,518.88,Maharashtra,Kharif,rainfed,low,groundnut
36,48,45,26.74,60.02,6.74,414.07,Maharashtra,Kharif,rainfed,low,groundnut
43,46,43,27.81,60.82,6.55,458.98,Maharashtra,Kharif,rainfed,low,groundnut
37,45,46,29.23,60.05,6.57,428.67,Maharashtra,Kharif,rainfed,low,groundnut
38,45,45,27.32,60.88,7.27,527.23,Maharashtra,Kharif,rainfed,low,groundnut
36,39,49,27.36,64.63,6.84,518.94,Maharashtra,Kharif,rainfed,low,groundnut
32,33,43,26.7,58.81,6.99,582.33,Maharashtra,Kharif,rainfed,low,groundnut
26,46,41,27.93,60.07,6.46,581.18,Maharashtra,Kharif,rainfed,low,groundnut
39,53,44,25.8,66.38,6.85,561.65,Maharashtra,Kharif,rainfed,low,groundnut
31,40,48,26.47,61.87,7.38,649.19,Maharashtra,Kharif,rainfed,low,groundnut
39,42,41,28.34,68.49,6.46,498.35,Maharashtra,Kharif,rainfed,low,groundnut
35,38,38,26.13,65.0,6.67,591.32,Maharashtra,Kharif,rainfed,low,groundnut
26,37,47,26.48,60.07,6.87,492.74,Maharashtra,Kharif,rainfed,low,groundnut
33,44,44,28.3,58.56,6.55,592.81,Maharashtra,Kharif,rainfed,low,groundnut
46,38,47,27.28,62.64,6.39,569.09,Maharashtra,Kharif,rainfed,low,groundnut
39,58,38,25.46,70.53,6.59,498.35,Maharashtra,Kharif,rainfed,low,groundnut
36,38,47,27.41,66.94,6.83,579.85,Maharashtra,Kharif,rainfed,low,groundnut
36,53,48,26.88,60.03,6.41,559.35,Maharashtra,Kharif,rainfed,low,groundnut
28,46,41,26.04,59.0,6.59,569.55,Maharashtra,Kharif,rainfed,low,groundnut
32,35,60,28.8,66.42,7.03,530.39,Maharashtra,Kharif,rainfed,low,groundnut
34,52,52,28.22,66.24,6.27,509.98,Maharashtra,Kharif,rainfed,low,groundnut
44,49,38,26.88,68.65,6.72,535.61,Maharashtra,Kharif,rainfed,low,groundnut
36,45,42,26.53,66.7,6.66,566.24,Maharashtra,Kharif,rainfed,low,groundnut
38,52,47,28.46,63.61,6.35,511.84,Maharashtra,Kharif,rainfed,low,groundnut
38,48,52,26.96,63.83,6.57,619.75,Maharashtra,Kharif,rainfed,low,groundnut
37,47,45,27.24,57.69,6.26,535.43,Maharashtra,Kharif,rainfed,low,groundnut
35,46,50,27.61,61.72,6.54,539.23,Maharashtra,Kharif,rainfed,low,groundnut
33,50,45,27.79,60.01,6.88,608.94,Maharashtra,Kharif,rainfed,low,groundnut
28,47,44,27.83,64.66,6.0,569.3,Maharashtra,Kharif,rainfed,low,groundnut
41,51,40,27.46,61.02,6.09,488.8,Maharashtra,Kharif,rainfed,low,groundnut
30,47,37,26.36,61.1,6.81,687.04,Maharashtra,Kharif,rainfed,low,groundnut
37,40,42,28.27,58.06,6.89,540.95,Maharashtra,Kharif,rainfed,low,groundnut
34,37,50,26.61,63.56,6.56,432.61,Maharashtra,Kharif,rainfed,low,groundnut
34,39,42,28.0,65.58,6.6,473.44,Maharashtra,Kharif,rainfed,low,groundnut
32,42,34,27.59,56.89,6.62,439.87,Maharashtra,Kharif,rainfed,low,groundnut
29,48,45,25.3,60.95,6.67,488.87,Maharashtra,Kharif,rainfed,low,groundnut
33,46,45,26.34,63.08,6.52,625.57,Maharashtra,Kharif,rainfed,low,groundnut
34,46,46,27.12,60.36,6.72,552.3,Maharashtra,Kharif,rainfed,low,groundnut
45,49,49,28.34,60.47,6.26,466.46,Maharashtra,Kharif,rainfed,low,groundnut
38,52,49,27.31,69.15,6.48,458.02,Maharashtra,Kharif,rainfed,low,groundnut
36,51,41,25.51,63.14,6.81,352.07,Maharashtra,Kharif,rainfed,low,groundnut
40,38,49,25.17,57.59,6.76,595.92,Maharashtra,Kharif,rainfed,low,groundnut
35,57,40,26.29,61.89,6.51,541.54,Maharashtra,Kharif,rainfed,low,groundnut
31,48,48,29.38,61.2,6.69,560.34,Maharashtra,Kharif,rainfed,low,groundnut
35,44,35,27.6,65.18,6.58,479.37,Maharashtra,Kharif,rainfed,low,groundnut
27,47,45,29.12,57.69,6.47,447.92,Maharashtra,Kharif,rainfed,low,groundnut
40,51,55,28.11,65.89,6.72,558.43,Maharashtra,Kharif,rainfed,low,groundnut
35,48,56,27.76,63.09,6.65,516.3,Maharashtra,Kharif,rainfed,low,groundnut
36,44,51,28.72,70.94,6.59,541.84,Maharashtra,Kharif,rainfed,low,groundnut
36,46,51,25.6,64.69,7.13,604.51,Maharashtra,Kharif,rainfed,low,groundnut
41,49,42,26.63,60.28,6.3,580.22,Maharashtra,Kharif,rainfed,low,groundnut
42,47,49,27.84,65.09,6.04,543.36,Maharashtra,Kharif,rainfed,low,groundnut
33,45,46,26.67,59.06,6.4,440.51,Maharashtra,Kharif,rainfed,low,groundnut
29,40,38,28.12,59.7,6.1,501.59,Maharashtra,Kharif,rainfed,low,groundnut
29,52,46,25.78,65.09,6.62,511.08,Maharashtra,Kharif,rainfed,low,groundnut
43,40,50,27.02,62.93,6.4,484.98,Maharashtra,Kharif,rainfed,low,groundnut
33,35,47,27.63,57.51,6.78,610.0,Maharashtra,Kharif,rainfed,low,groundnut
32,41,51,27.97,62.5,6.82,540.99,Maharashtra,Kharif,rainfed,low,groundnut
42,45,47,28.78,54.02,6.9,495.54,Maharashtra,Kharif,rainfed,low,groundnut
37,53,43,26.97,62.8,6.21,653.28,Maharashtra,Kharif,rainfed,low,groundnut
35,53,43,27.54,66.46,6.31,519.02,Maharashtra,Kharif,rainfed,low,groundnut
40,44,43,28.8,68.14,7.02,485.63,Maharashtra,Kharif,rainfed,low,groundnut
32,43,49,26.1,58.82,6.41,470.27,Maharashtra,Kharif,rainfed,low,groundnut
39,49,43,27.27,53.69,6.48,597.56,Maharashtra,Kharif,rainfed,low,groundnut
32,40,52,26.2,68.67,7.37,518.62,Maharashtra,Kharif,rainfed,low,groundnut
41,37,36,26.57,66.02,6.6,514.13,Maharashtra,Kharif,rainfed,low,groundnut
29,44,42,26.42,59.31,6.65,482.98,Maharashtra,Kharif,rainfed,low,groundnut
35,36,48,27.78,62.15,6.64,579.49,Maharashtra,Kharif,rainfed,low,groundnut
28,45,38,27.6,62.05,6.59,574.49,Maharashtra,Kharif,rainfed,low,groundnut
39,50,43,28.32,64.86,6.5,531.84,Maharashtra,Kharif,rainfed,low,groundnut
34,52,49,27.11,61.51,6.86,603.16,Maharashtra,Kharif,rainfed,low,groundnut
37,48,52,27.3,63.31,6.73,499.98,Maharashtra,Kharif,rainfed,low,groundnut
43,43,45,29.74,56.17,6.66,486.47,Maharashtra,Kharif,rainfed,low,groundnut
35,39,43,27.53,63.87,6.84,389.44,Maharashtra,Kharif,rainfed,low,groundnut
34,44,45,27.54,59.96,6.19,537.66,Maharashtra,Kharif,rainfed,low,groundnut
30,47,40,28.31,62.8,6.6,510.63,Maharashtra,Kharif,rainfed,low,groundnut
33,44,51,25.71,60.62,6.88,572.82,Maharashtra,Kharif,rainfed,low,groundnut
42,45,38,26.21,61.9,6.8,510.14,Maharashtra,Kharif,rainfed,low,groundnut
33,47,45,26.99,59.33,6.85,586.12,Maharashtra,Kharif,rainfed,low,groundnut
30,43,48,26.17,64.34,6.51,454.02,Maharashtra,Kharif,rainfed,low,groundnut
44,43,48,26.19,68.69,7.12,437.37,Maharashtra,Kharif,rainfed,low,groundnut
34,52,43,31.55,40.06,6.39,177.12,Maharashtra,Summer,rainfed,low,groundnut
32,43,37,31.87,41.36,7.01,154.07,Maharashtra,Summer,rainfed,low,groundnut
39,49,40,30.23,44.75,6.5,139.72,Maharashtra,Summer,rainfed,low,groundnut
38,42,44,32.34,48.69,6.43,194.29,Maharashtra,Summer,rainfed,low,groundnut
38,41,42,32.33,49.48,6.2,146.54,Maharashtra,Summer,rainfed,low,groundnut
38,39,49,33.58,47.93,6.35,174.12,Maharashtra,Summer,rainfed,low,groundnut
40,45,47,29.93,43.73,6.84,153.39,Maharashtra,Summer,rainfed,low,groundnut
22,43,47,32.41,52.81,6.62,185.37,Maharashtra,Summer,rainfed,low,groundnut
36,47,44,31.52,43.7,7.13,114.2,Maharashtra,Summer,rainfed,low,groundnut
38,47,47,29.42,40.07,6.76,201.29,Maharashtra,Summer,rainfed,low,groundnut
36,49,43,31.44,51.2,6.52,197.67,Maharashtra,Summer,rainfed,low,groundnut
27,42,48,33.54,46.55,6.32,213.87,Maharashtra,Summer,rainfed,low,groundnut
34,48,43,31.19,44.35,7.2,197.8,Maharashtra,Summer,rainfed,low,groundnut
44,41,36,30.61,56.15,6.51,194.54,Maharashtra,Summer,rainfed,low,groundnut
30,41,45,33.81,50.72,6.05,185.56,Maharashtra,Summer,rainfed,low,groundnut
29,42,48,32.86,51.67,6.69,178.06,Maharashtra,Summer,rainfed,low,groundnut
42,37,54,30.02,47.5,6.47,143.03,Maharashtra,Summer,rainfed,low,groundnut
37,46,44,30.8,52.35,7.18,199.23,Maharashtra,Summer,rainfed,low,groundnut
36,37,48,31.9,49.46,6.3,189.83,Maharashtra,Summer,rainfed,low,groundnut
43,40,48,29.92,46.1,6.35,161.82,Maharashtra,Summer,rainfed,low,groundnut
33,47,49,32.62,44.0,6.7,144.38,Maharashtra,Summer,rainfed,low,groundnut
34,45,40,31.75,45.9,6.64,198.57,Maharashtra,Summer,rainfed,low,groundnut
33,49,52,32.84,45.78,6.34,153.43,Maharashtra,Summer,rainfed,low,groundnut
27,48,49,31.16,41.22,6.5,202.21,Maharashtra,Summer,rainfed,low,groundnut
38,49,60,31.44,38.23,6.31,177.13,Maharashtra,Summer,rainfed,low,groundnut
35,44,44,29.95,47.93,6.97,210.42,Maharashtra,Summer,rainfed,low,groundnut
44,40,45,30.58,48.77,6.58,164.74,Maharashtra,Summer,rainfed,low,groundnut
42,45,46,31.55,49.09,6.78,206.22,Maharashtra,Summer,rainfed,low,groundnut
29,47,44,30.6,49.4,6.95,156.19,Maharashtra,Summer,rainfed,low,groundnut
43,38,48,29.81,44.04,6.62,160.69,Maharashtra,Summer,rainfed,low,groundnut
21,48,49,30.79,45.58,6.5,130.07,Maharashtra,Summer,rainfed,low,groundnut
26,49,50,31.8,47.95,6.81,186.71,Maharashtra,Summer,rainfed,low,groundnut
31,46,44,30.62,50.87,7.02,115.25,Maharashtra,Summer,rainfed,low,groundnut
34,43,51,29.07,35.04,6.82,192.47,Maharashtra,Summer,rainfed,low,groundnut
26,44,53,29.56,46.89,6.74,136.69,Maharashtra,Summer,rainfed,low,groundnut
32,37,44,29.95,47.3,6.77,202.4,Maharashtra,Summer,rainfed,low,groundnut
47,46,43,30.5,42.8,6.72,158.45,Maharashtra,Summer,rainfed,low,groundnut
38,40,43,31.58,46.02,6.09,169.65,Maharashtra,Summer,rainfed,low,groundnut
31,51,50,27.96,49.57,6.7,135.37,Maharashtra,Summer,rainfed,low,groundnut
39,39,51,30.14,40.68,7.17,133.92,Maharashtra,Summer,rainfed,low,groundnut
31,42,43,31.93,46.72,6.87,178.68,Maharashtra,Summer,rainfed,low,groundnut
27,48,46,30.17,54.45,6.76,191.97,Maharashtra,Summer,rainfed,low,groundnut
40,43,48,31.42,44.36,6.27,170.57,Maharashtra,Summer,rainfed,low,groundnut
38,45,44,31.04,45.4,7.01,176.31,Maharashtra,Summer,rainfed,low,groundnut
33,36,44,30.23,44.15,6.85,171.86,Maharashtra,Summer,rainfed,low,groundnut
27,48,37,31.92,44.68,6.62,169.42,Maharashtra,Summer,rainfed,low,groundnut
34,46,45,33.49,47.36,6.67,153.44,Maharashtra,Summer,rainfed,low,groundnut
37,40,51,29.02,43.27,6.17,179.79,Maharashtra,Summer,rainfed,low,groundnut
33,48,40,31.71,48.72,6.66,170.72,Maharashtra,Summer,rainfed,low,groundnut
36,40,40,31.73,45.09,6.72,206.19,Maharashtra,Summer,rainfed,low,groundnut
33,42,43,31.05,48.85,6.59,218.5,Maharashtra,Summer,rainfed,low,groundnut
37,49,45,32.35,45.71,6.43,191.12,Maharashtra,Summer,rainfed,low,groundnut
35,46,50,31.19,45.93,6.46,194.77,Maharashtra,Summer,rainfed,low,groundnut
33,45,46,31.38,50.39,6.58,202.12,Maharashtra,Summer,rainfed,low,groundnut
34,47,44,33.79,45.16,6.53,172.68,Maharashtra,Summer,rainfed,low,groundnut
34,47,51,31.2,47.21,6.54,158.21,Maharashtra,Summer,rainfed,low,groundnut
35,45,51,29.72,52.08,6.56,173.47,Maharashtra,Summer,rainfed,low,groundnut
30,48,40,31.5,47.56,6.51,121.81,Maharashtra,Summer,rainfed,low,groundnut
46,40,46,30.03,50.52,6.5,152.45,Maharashtra,Summer,rainfed,low,groundnut
38,39,43,31.92,52.28,6.34,155.73,Maharashtra,Summer,rainfed,low,groundnut
37,35,52,29.67,44.82,6.67,171.2,Maharashtra,Summer,rainfed,low,groundnut
30,54,32,29.5,44.06,6.35,198.46,Maharashtra,Summer,rainfed,low,groundnut
27,53,44,29.19,38.45,6.54,153.62,Maharashtra,Summer,rainfed,low,groundnut
36,43,50,30.81,44.88,6.86,175.32,Maharashtra,Summer,rainfed,low,groundnut
39,51,44,31.05,49.73,5.95,167.63,Maharashtra,Summer,rainfed,low,groundnut
34,47,41,32.46,43.67,6.48,154.5,Maharashtra,Summer,rainfed,low,groundnut
41,35,54,32.96,44.33,6.87,173.04,Maharashtra,Summer,rainfed,low,groundnut
43,50,56,28.92,47.23,6.14,157.9,Maharashtra,Summer,rainfed,low,groundnut
46,47,50,31.69,48.23,6.46,153.47,Maharashtra,Summer,rainfed,low,groundnut
32,31,45,31.32,44.13,6.57,182.25,Maharashtra,Summer,rainfed,low,groundnut
39,39,41,32.0,48.76,6.96,200.4,Maharashtra,Summer,rainfed,low,groundnut
47,44,53,29.77,55.68,6.72,182.65,Maharashtra,Summer,rainfed,low,groundnut
40,38,40,31.15,47.83,7.16,147.85,Maharashtra,Summer,rainfed,low,groundnut
43,44,44,30.78,45.33,6.73,160.78,Maharashtra,Summer,rainfed,low,groundnut
28,44,47,29.13,48.73,6.91,204.53,Maharashtra,Summer,rainfed,low,groundnut
37,36,48,32.29,43.83,6.58,181.28,Maharashtra,Summer,rainfed,low,groundnut
44,44,49,31.42,47.26,6.95,150.6,Maharashtra,Summer,rainfed,low,groundnut
36,45,37,32.64,49.68,6.61,163.9,Maharashtra,Summer,rainfed,low,groundnut
35,49,45,30.11,44.52,6.6,148.24,Maharashtra,Summer,rainfed,low,groundnut
37,41,40,35.0,53.94,6.64,189.86,Maharashtra,Summer,rainfed,low,groundnut
40,45,46,30.65,51.31,6.94,206.44,Maharashtra,Summer,rainfed,low,groundnut
36,56,45,33.73,44.72,6.25,217.32,Maharashtra,Summer,rainfed,low,groundnut
38,48,43,29.87,43.62,6.64,166.5,Maharashtra,Summer,rainfed,low,groundnut
25,53,43,32.65,43.8,6.64,192.69,Maharashtra,Summer,rainfed,low,groundnut
39,44,48,31.9,45.93,6.3,155.43,Maharashtra,Summer,rainfed,low,groundnut
33,45,53,32.21,43.37,7.09,168.16,Maharashtra,Summer,rainfed,low,groundnut
38,40,43,32.38,43.13,6.61,180.99,Maharashtra,Summer,rainfed,low,groundnut
30,36,50,34.82,48.26,6.77,149.37,Maharashtra,Summer,rainfed,low,groundnut
42,43,51,31.81,48.92,6.76,183.1,Maharashtra,Summer,rainfed,low,groundnut
36,50,41,30.68,52.13,6.65,162.39,Maharashtra,Summer,rainfed,low,groundnut
40,49,39,31.97,47.03,6.79,170.25,Maharashtra,Summer,rainfed,low,groundnut
37,36,41,31.99,56.55,6.7,153.83,Maharashtra,Summer,rainfed,low,groundnut
36,41,51,31.06,50.54,6.56,196.65,Maharashtra,Summer,rainfed,low,groundnut
27,45,48,30.64,47.88,6.69,194.47,Maharashtra,Summer,rainfed,low,groundnut
38,47,49,29.2,43.62,6.23,182.8,Maharashtra,Summer,rainfed,low,groundnut
37,52,47,30.16,47.01,6.1,160.47,Maharashtra,Summer,rainfed,low,groundnut
23,47,44,30.82,42.93,6.42,186.16,Maharashtra,Summer,rainfed,low,groundnut
28,48,41,28.76,51.2,6.95,157.41,Maharashtra,Summer,rainfed,low,groundnut
32,44,41,30.15,48.23,7.15,161.72,Maharashtra,Summer,rainfed,low,groundnut
40,47,37,30.97,45.92,6.99,205.12,Maharashtra,Summer,rainfed,low,groundnut
37,51,44,32.49,46.88,6.89,197.99,Maharashtra,Summer,rainfed,low,groundnut
39,41,43,32.0,49.92,6.64,162.71,Maharashtra,Summer,rainfed,low,groundnut
36,44,44,33.61,44.68,6.74,173.57,Maharashtra,Summer,rainfed,low,groundnut
29,39,45,28.4,53.52,6.5,159.66,Maharashtra,Summer,rainfed,low,groundnut
41,44,48,30.24,46.67,6.86,149.89,Maharashtra,Summer,rainfed,low,groundnut
38,33,51,30.26,46.17,6.57,147.25,Maharashtra,Summer,rainfed,low,groundnut
30,48,48,29.82,48.57,6.75,161.17,Maharashtra,Summer,rainfed,low,groundnut
29,45,47,30.92,44.23,6.72,199.52,Maharashtra,Summer,rainfed,low,groundnut
31,44,59,31.39,41.64,6.47,152.34,Maharashtra,Summer,rainfed,low,groundnut
37,47,42,33.48,46.83,6.48,141.51,Maharashtra,Summer,rainfed,low,groundnut
31,39,44,29.82,49.51,6.44,189.6,Maharashtra,Summer,rainfed,low,groundnut
37,48,49,33.66,43.25,6.83,179.29,Maharashtra,Summer,rainfed,low,groundnut
40,46,51,29.28,42.65,6.45,168.26,Maharashtra,Summer,rainfed,low,groundnut
35,41,40,30.13,39.95,6.52,168.64,Maharashtra,Summer,rainfed,low,groundnut
37,46,54,32.08,49.33,6.7,182.5,Maharashtra,Summer,rainfed,low,groundnut
34,45,55,30.91,41.39,6.79,190.42,Maharashtra,Summer,rainfed,low,groundnut
36,36,51,31.31,45.31,6.92,122.76,Maharashtra,Summer,rainfed,low,groundnut
36,42,52,31.32,43.19,6.9,112.62,Maharashtra,Summer,rainfed,low,groundnut
38,39,43,30.68,49.99,7.19,128.48,Maharashtra,Summer,rainfed,low,groundnut
37,56,42,30.15,47.4,6.82,185.34,Maharashtra,Summer,rainfed,low,groundnut
33,41,52,29.97,39.15,6.21,156.56,Maharashtra,Summer,rainfed,low,groundnut
42,39,53,32.74,47.36,5.92,142.37,Maharashtra,Summer,rainfed,low,groundnut
32,54,42,29.97,47.22,6.22,169.43,Maharashtra,Summer,rainfed,low,groundnut
31,58,40,33.57,42.13,6.67,181.67,Maharashtra,Summer,rainfed,low,groundnut
36,45,49,31.56,45.84,6.42,166.13,Maharashtra,Summer,rainfed,low,groundnut
34,44,45,29.12,42.56,6.82,117.49,Maharashtra,Summer,rainfed,low,groundnut
41,42,53,32.63,45.24,6.54,207.18,Maharashtra,Summer,rainfed,low,groundnut
41,50,51,29.55,47.29,6.39,144.02,Maharashtra,Summer,rainfed,low,groundnut
36,43,44,30.33,41.69,7.05,173.64,Maharashtra,Summer,rainfed,low,groundnut
28,46,53,32.28,44.51,6.47,147.67,Maharashtra,Summer,rainfed,low,groundnut
31,42,38,30.41,47.82,6.49,175.07,Maharashtra,Summer,rainfed,low,groundnut
43,54,45,32.17,45.86,6.47,143.94,Maharashtra,Summer,rainfed,low,groundnut
35,50,39,30.62,45.21,6.67,176.13,Maharashtra,Summer,rainfed,low,groundnut
38,54,41,29.77,47.45,6.99,135.88,Maharashtra,Summer,rainfed,low,groundnut
37,44,49,31.84,46.69,6.73,154.64,Maharashtra,Summer,rainfed,low,groundnut
39,52,46,30.46,45.94,6.81,169.02,Maharashtra,Summer,rainfed,low,groundnut
29,50,40,31.57,39.35,6.63,168.41,Maharashtra,Summer,rainfed,low,groundnut
25,47,39,31.11,44.92,6.21,145.6,Maharashtra,Summer,rainfed,low,groundnut
30,50,49,33.93,44.54,6.45,173.15,Maharashtra,Summer,rainfed,low,groundnut
33,42,45,31.94,38.4,6.45,137.27,Maharashtra,Summer,rainfed,low,groundnut
34,47,51,30.42,46.91,6.15,149.92,Maharashtra,Summer,rainfed,low,groundnut
36,38,51,31.7,43.03,6.2,153.22,Maharashtra,Summer,rainfed,low,groundnut
31,39,38,30.69,49.31,6.41,180.38,Maharashtra,Summer,rainfed,low,groundnut
33,48,41,31.37,46.96,6.96,183.04,Maharashtra,Summer,rainfed,low,groundnut
36,38,42,29.93,43.35,6.6,175.62,Maharashtra,Summer,rainfed,low,groundnut
36,51,47,29.36,47.28,6.76,199.45,Maharashtra,Summer,rainfed,low,groundnut
34,44,50,31.24,40.37,6.12,212.95,Maharashtra,Summer,rainfed,low,groundnut
26,44,49,28.65,42.35,6.27,212.03,Maharashtra,Summer,rainfed,low,groundnut
45,41,48,31.41,45.42,6.17,223.84,Maharashtra,Summer,rainfed,low,groundnut
26,46,42,32.34,49.74,6.34,151.56,Maharashtra,Summer,rainfed,low,groundnut
27,46,49,30.41,45.56,7.11,191.85,Maharashtra,Summer,rainfed,low,groundnut
42,34,48,31.34,41.7,6.32,164.9,Maharashtra,Summer,rainfed,low,groundnut
28,41,43,31.76,43.79,6.48,193.9,Maharashtra,Summer,rainfed,low,groundnut
26,46,47,31.56,44.58,6.32,205.46,Maharashtra,Summer,rainfed,low,groundnut
31,39,45,30.01,50.53,6.53,197.54,Maharashtra,Summer,rainfed,low,groundnut
37,43,51,30.13,45.27,6.74,175.29,Maharashtra,Summer,rainfed,low,groundnut
32,37,45,30.03,46.61,6.49,153.26,Maharashtra,Summer,rainfed,low,groundnut
34,45,48,31.56,54.53,6.64,154.3,Maharashtra,Summer,rainfed,low,groundnut
34,48,50,32.79,42.6,6.94,168.93,Maharashtra,Summer,rainfed,low,groundnut
30,44,51,31.61,41.85,6.28,141.25,Maharashtra,Summer,rainfed,low,groundnut
31,45,39,30.43,51.87,7.03,206.18,Maharashtra,Summer,rainfed,low,groundnut
26,53,45,31.1,50.44,6.79,126.4,Maharashtra,Summer,rainfed,low,groundnut
32,43,38,32.33,52.02,6.6,176.97,Maharashtra,Summer,rainfed,low,groundnut
35,45,51,28.65,48.36,6.6,153.35,Maharashtra,Summer,rainfed,low,groundnut
32,54,38,30.78,52.75,6.26,159.36,Maharashtra,Summer,rainfed,low,groundnut
35,47,45,29.81,48.22,6.57,184.65,Maharashtra,Summer,rainfed,low,groundnut
40,38,50,30.66,49.66,6.73,213.26,Maharashtra,Summer,rainfed,low,groundnut
35,43,42,29.62,49.6,6.31,188.65,Maharashtra,Summer,rainfed,low,groundnut
34,36,52,27.0,46.19,6.66,116.19,Maharashtra,Summer,rainfed,low,groundnut
37,42,44,32.79,47.05,6.51,166.02,Maharashtra,Summer,rainfed,low,groundnut
44,47,41,30.35,41.94,6.48,207.52,Maharashtra,Summer,rainfed,low,groundnut
34,38,47,30.48,48.65,6.54,203.72,Maharashtra,Summer,rainfed,low,groundnut
30,39,50,28.33,45.84,6.81,118.8,Maharashtra,Summer,rainfed,low,groundnut
35,38,36,29.58,45.8,6.41,195.83,Maharashtra,Summer,rainfed,low,groundnut
35,43,38,31.3,54.39,6.41,156.34,Maharashtra,Summer,rainfed,low,groundnut
30,51,50,30.4,44.2,6.35,163.25,Maharashtra,Summer,rainfed,low,groundnut
40,45,51,30.04,37.63,7.29,175.01,Maharashtra,Summer,rainfed,low,groundnut
39,41,38,31.21,38.87,6.53,193.85,Maharashtra,Summer,rainfed,low,groundnut
37,46,54,31.5,39.2,6.56,214.92,Maharashtra,Summer,rainfed,low,groundnut
33,54,50,30.46,42.36,6.69,199.65,Maharashtra,Summer,rainfed,low,groundnut
27,46,35,30.55,40.16,6.75,153.92,Maharashtra,Summer,rainfed,low,groundnut
41,42,42,28.85,48.0,6.73,191.93,Maharashtra,Summer,rainfed,low,groundnut
38,47,48,31.93,49.98,6.19,159.22,Maharashtra,Summer,rainfed,low,groundnut
27,47,53,32.2,44.17,6.73,178.14,Maharashtra,Summer,rainfed,low,groundnut
36,38,52,29.43,45.09,6.86,161.29,Maharashtra,Summer,rainfed,low,groundnut
35,46,45,31.15,47.32,6.62,149.11,Maharashtra,Summer,rainfed,low,groundnut
27,50,50,31.45,47.76,6.36,113.1,Maharashtra,Summer,rainfed,low,groundnut
34,36,46,32.74,44.14,6.45,146.53,Maharashtra,Summer,rainfed,low,groundnut
35,45,40,32.22,56.86,6.92,167.42,Maharashtra,Summer,rainfed,low,groundnut
34,42,42,32.28,50.34,6.29,178.55,Maharashtra,Summer,rainfed,low,groundnut
41,43,44,31.93,49.28,6.71,175.93,Maharashtra,Summer,rainfed,low,groundnut
37,44,39,28.92,48.78,6.63,180.63,Maharashtra,Summer,rainfed,low,groundnut
31,46,45,32.71,49.77,6.4,181.77,Maharashtra,Summer,rainfed,low,groundnut
31,32,54,30.5,50.48,6.42,151.16,Maharashtra,Summer,rainfed,low,groundnut
32,46,46,31.66,44.6,6.61,150.33,Maharashtra,Summer,rainfed,low,groundnut
42,38,41,30.44,55.66,6.8,150.08,Maharashtra,Summer,rainfed,low,groundnut
39,48,46,31.93,46.72,6.65,133.77,Maharashtra,Summer,rainfed,low,groundnut
42,43,39,30.33,44.72,6.39,188.15,Maharashtra,Summer,rainfed,low,groundnut
40,35,42,30.41,45.84,7.06,151.02,Maharashtra,Summer,rainfed,low,groundnut
43,44,53,30.59,44.86,6.59,200.15,Maharashtra,Summer,rainfed,low,groundnut
36,46,48,29.83,47.79,6.43,204.33,Maharashtra,Summer,rainfed,low,groundnut
37,48,35,31.94,45.82,6.22,172.22,Maharashtra,Summer,rainfed,low,groundnut
27,48,52,28.61,46.39,6.56,123.58,Maharashtra,Summer,rainfed,low,groundnut
40,48,55,31.66,43.13,6.74,199.98,Maharashtra,Summer,rainfed,low,groundnut
33,49,33,32.97,49.57,5.92,178.93,Maharashtra,Summer,rainfed,low,groundnut
25,42,48,30.82,51.32,6.62,169.13,Maharashtra,Summer,rainfed,low,groundnut
40,43,45,31.14,46.24,6.91,154.44,Maharashtra,Summer,rainfed,low,groundnut
31,40,34,32.98,43.05,6.54,206.35,Maharashtra,Summer,rainfed,low,groundnut
34,48,38,32.86,46.03,6.33,146.22,Maharashtra,Summer,rainfed,low,groundnut
43,42,40,30.42,46.67,6.64,180.37,Maharashtra,Summer,rainfed,low,groundnut
36,48,44,33.76,44.63,6.96,156.02,Maharashtra,Summer,rainfed,low,groundnut
28,37,47,32.55,42.09,6.37,179.01,Maharashtra,Summer,rainfed,low,groundnut
35,42,39,31.41,49.0,6.73,170.62,Maharashtra,Summer,rainfed,low,groundnut
30,47,46,29.25,45.34,6.7,168.17,Maharashtra,Summer,rainfed,low,groundnut
25,42,41,31.75,56.46,6.64,142.05,Maharashtra,Summer,rainfed,low,groundnut
34,45,49,32.66,51.83,6.74,169.98,Maharashtra,Summer,rainfed,low,groundnut
42,43,45,30.68,38.33,6.94,185.76,Maharashtra,Summer,rainfed,low,groundnut
23,50,43,32.32,46.79,6.24,170.61,Maharashtra,Summer,rainfed,low,groundnut
31,39,49,31.52,52.24,6.49,147.53,Maharashtra,Summer,rainfed,low,groundnut
38,41,43,31.7,46.02,6.47,137.27,Maharashtra,Summer,rainfed,low,groundnut
40,43,48,31.65,50.68,6.54,161.89,Maharashtra,Summer,rainfed,low,groundnut
29,42,47,29.91,47.71,6.99,159.61,Maharashtra,Summer,rainfed,low,groundnut
28,43,38,32.78,46.83,6.41,156.94,Maharashtra,Summer,rainfed,low,groundnut
29,50,54,29.01,50.5,6.53,199.57,Maharashtra,Summer,rainfed,low,groundnut
26,46,43,31.88,46.73,6.61,167.53,Maharashtra,Summer,rainfed,low,groundnut
43,44,49,31.84,49.91,6.33,186.5,Maharashtra,Summer,rainfed,low,groundnut
37,39,44,34.06,45.0,6.5,180.52,Maharashtra,Summer,rainfed,low,groundnut
32,46,43,31.54,46.26,7.12,171.07,Maharashtra,Summer,rainfed,low,groundnut
34,50,38,33.26,42.71,6.92,203.99,Maharashtra,Summer,rainfed,low,groundnut
32,43,44,31.83,42.67,6.57,162.69,Maharashtra,Summer,rainfed,low,groundnut
29,40,46,31.15,43.57,6.62,154.9,Maharashtra,Summer,rainfed,low,groundnut
42,44,50,28.74,47.74,6.76,166.78,Maharashtra,Summer,rainfed,low,groundnut
32,44,49,29.39,49.19,6.68,163.91,Maharashtra,Summer,rainfed,low,groundnut
34,45,53,31.46,42.89,6.48,143.29,Maharashtra,Summer,rainfed,low,groundnut
26,39,46,32.7,50.32,6.29,151.39,Maharashtra,Summer,rainfed,low,groundnut
30,32,44,32.07,45.53,6.26,150.28,Maharashtra,Summer,rainfed,low,groundnut
33,49,44,31.85,46.19,6.66,148.06,Maharashtra,Summer,rainfed,low,groundnut
32,39,48,30.61,35.0,6.73,192.73,Maharashtra,Summer,rainfed,low,groundnut
31,47,44,28.18,53.99,6.55,174.7,Maharashtra,Summer,rainfed,low,groundnut
32,44,46,29.61,52.99,6.82,182.06,Maharashtra,Summer,rainfed,low,groundnut
34,41,50,31.81,44.97,6.31,133.23,Maharashtra,Summer,rainfed,low,groundnut
35,44,51,32.32,46.65,6.58,143.12,Maharashtra,Summer,rainfed,low,groundnut
40,45,48,32.57,44.33,6.38,227.6,Maharashtra,Summer,rainfed,low,groundnut
38,44,51,30.59,47.75,6.45,169.6,Maharashtra,Summer,rainfed,low,groundnut
34,41,46,30.15,48.71,6.52,129.86,Maharashtra,Summer,rainfed,low,groundnut
38,48,56,31.02,47.2,6.73,193.79,Maharashtra,Summer,rainfed,low,groundnut
40,47,45,32.12,46.21,6.26,134.97,Maharashtra,Summer,rainfed,low,groundnut
34,46,57,30.84,46.68,6.49,184.44,Maharashtra,Summer,rainfed,low,groundnut
36,42,40,30.46,43.27,6.54,173.3,Maharashtra,Summer,rainfed,low,groundnut
32,52,51,30.69,42.8,6.59,166.88,Maharashtra,Summer,rainfed,low,groundnut
35,43,40,31.05,45.16,6.53,172.19,Maharashtra,Summer,rainfed,low,groundnut
35,45,43,31.48,43.75,6.31,149.23,Maharashtra,Summer,rainfed,low,groundnut
32,39,37,31.67,51.38,6.75,158.73,Maharashtra,Summer,rainfed,low,groundnut
26,46,37,30.88,43.43,5.99,204.55,Maharashtra,Summer,rainfed,low,groundnut
29,43,44,30.37,48.28,6.4,178.91,Maharashtra,Summer,rainfed,low,groundnut
37,38,46,29.59,42.03,6.68,160.47,Maharashtra,Summer,rainfed,low,groundnut
37,47,38,31.99,47.59,6.44,166.83,Maharashtra,Summer,rainfed,low,groundnut
39,43,56,32.99,46.95,6.54,165.69,Maharashtra,Summer,rainfed,low,groundnut
32,46,48,29.2,48.96,6.85,183.35,Maharashtra,Summer,rainfed,low,groundnut
34,48,51,30.92,46.59,7.17,177.17,Maharashtra,Summer,rainfed,low,groundnut
30,49,47,30.13,42.27,6.66,168.6,Maharashtra,Summer,rainfed,low,groundnut
29,45,44,30.92,48.38,6.13,144.05,Maharashtra,Summer,rainfed,low,groundnut
33,52,57,31.01,46.67,5.95,191.1,Maharashtra,Summer,rainfed,low,groundnut
37,46,39,33.64,52.33,6.68,193.15,Maharashtra,Summer,rainfed,low,groundnut
35,49,38,27.97,41.63,6.38,154.98,Maharashtra,Summer,rainfed,low,groundnut
37,44,45,29.42,41.63,6.61,157.35,Maharashtra,Summer,rainfed,low,groundnut
35,48,53,30.97,53.45,6.71,186.09,Maharashtra,Summer,rainfed,low,groundnut
40,49,41,32.44,45.07,6.68,173.1,Maharashtra,Summer,rainfed,low,groundnut
41,47,38,33.79,49.7,6.45,143.46,Maharashtra,Summer,rainfed,low,groundnut
40,40,49,32.43,44.01,6.4,159.03,Maharashtra,Summer,rainfed,low,groundnut
30,46,47,31.97,43.31,6.82,146.95,Maharashtra,Summer,rainfed,low,groundnut
39,38,53,30.3,48.8,6.78,140.38,Maharashtra,Summer,rainfed,low,groundnut
39,42,43,30.11,52.69,6.29,180.04,Maharashtra,Summer,rainfed,low,groundnut
32,50,57,30.16,47.04,6.5,194.22,Maharashtra,Summer,rainfed,low,groundnut
34,50,43,33.99,38.1,6.7,169.75,Maharashtra,Summer,rainfed,low,groundnut
35,46,45,31.29,48.06,7.07,105.47,Maharashtra,Summer,rainfed,low,groundnut
44,58,36,31.06,51.76,6.84,209.11,Maharashtra,Summer,rainfed,low,groundnut
37,35,52,31.85,52.12,6.19,141.63,Maharashtra,Summer,rainfed,low,groundnut
35,52,53,30.03,44.94,7.37,157.1,Maharashtra,Summer,rainfed,low,groundnut
38,43,47,29.84,43.29,6.5,157.28,Maharashtra,Summer,rainfed,low,groundnut
33,48,54,30.21,42.71,6.6,150.14,Maharashtra,Summer,rainfed,low,groundnut
27,50,45,31.24,39.11,6.44,136.96,Maharashtra,Summer,rainfed,low,groundnut
35,46,46,30.11,43.23,6.55,178.33,Maharashtra,Summer,rainfed,low,groundnut
32,40,41,30.12,44.76,6.31,159.6,Maharashtra,Summer,rainfed,low,groundnut
41,44,39,27.99,53.54,6.9,176.64,Maharashtra,Summer,rainfed,low,groundnut
41,48,45,29.35,53.82,6.48,161.08,Maharashtra,Summer,rainfed,low,groundnut
35,45,48,31.61,44.29,6.61,182.67,Maharashtra,Summer,rainfed,low,groundnut
32,52,45,33.13,41.16,6.77,149.22,Maharashtra,Summer,rainfed,low,groundnut
32,50,44,34.46,48.49,6.41,182.13,Maharashtra,Summer,rainfed,low,groundnut
34,49,44,31.54,47.26,6.62,194.31,Maharashtra,Summer,rainfed,low,groundnut
26,45,41,29.2,43.29,6.43,164.51,Maharashtra,Summer,rainfed,low,groundnut
37,48,43,33.11,45.08,6.08,161.96,Maharashtra,Summer,rainfed,low,groundnut
35,30,51,30.87,42.08,6.34,187.77,Maharashtra,Summer,rainfed,low,groundnut
39,42,38,31.17,47.71,6.75,156.86,Maharashtra,Summer,rainfed,low,groundnut
34,45,50,32.77,52.64,6.95,212.31,Maharashtra,Summer,rainfed,low,groundnut
40,42,53,29.16,55.56,6.34,190.71,Maharashtra,Summer,rainfed,low,groundnut
42,47,35,29.74,47.87,6.77,165.83,Maharashtra,Summer,rainfed,low,groundnut
35,38,54,30.5,49.52,6.97,143.05,Maharashtra,Summer,rainfed,low,groundnut
36,46,44,32.24,43.94,6.61,161.35,Maharashtra,Summer,rainfed,low,groundnut
47,42,49,33.4,42.98,6.63,146.98,Maharashtra,Summer,rainfed,low,groundnut
66,28,33,29.79,56.33,7.59,669.45,Maharashtra,Kharif,rainfed,low,jowar
59,31,37,27.75,52.37,7.17,602.44,Maharashtra,Kharif,rainfed,low,jowar
65,29,31,29.3,60.78,6.69,647.2,Maharashtra,Kharif,rainfed,low,jowar
59,37,27,27.84,62.87,7.17,505.99,Maharashtra,Kharif,rainfed,low,jowar
44,39,34,29.56,64.41,7.4,556.26,Maharashtra,Kharif,rainfed,low,jowar
63,38,33,30.54,55.5,6.66,632.64,Maharashtra,Kharif,rainfed,low,jowar
55,41,38,30.12,64.24,6.89,478.21,Maharashtra,Kharif,rainfed,low,jowar
70,26,39,28.89,60.72,7.35,602.14,Maharashtra,Kharif,rainfed,low,jowar
59,38,38,28.21,58.8,7.64,457.02,Maharashtra,Kharif,rainfed,low,jowar
63,36,29,29.3,60.9,7.02,631.19,Maharashtra,Kharif,rainfed,low,jowar
53,36,24,28.38,61.16,7.02,597.73,Maharashtra,Kharif,rainfed,low,jowar
59,37,35,28.6,62.07,7.04,557.39,Maharashtra,Kharif,rainfed,low,jowar
62,32,37,28.12,62.38,6.73,630.02,Maharashtra,Kharif,rainfed,low,jowar
56,28,39,28.93,64.58,7.35,569.57,Maharashtra,Kharif,rainfed,low,jowar
58,36,37,27.91,68.6,7.13,493.68,Maharashtra,Kharif,rainfed,low,jowar
49,25,31,27.69,63.5,7.19,624.2,Maharashtra,Kharif,rainfed,low,jowar
60,33,30,29.9,55.38,7.3,564.4,Maharashtra,Kharif,rainfed,low,jowar
65,32,33,27.64,66.11,7.2,689.9,Maharashtra,Kharif,rainfed,low,jowar
62,33,32,28.75,58.84,7.25,575.47,Maharashtra,Kharif,rainfed,low,jowar
62,34,34,28.13,66.75,7.34,727.02,Maharashtra,Kharif,rainfed,low,jowar
60,36,29,29.87,58.42,7.35,559.58,Maharashtra,Kharif,rainfed,low,jowar
63,32,29,27.64,66.65,7.36,499.82,Maharashtra,Kharif,rainfed,low,jowar
67,29,36,28.74,63.26,7.82,526.66,Maharashtra,Kharif,rainfed,low,jowar
64,38,30,27.01,59.95,7.31,492.72,Maharashtra,Kharif,rainfed,low,jowar
64,27,38,28.69,68.01,7.42,557.22,Maharashtra,Kharif,rainfed,low,jowar
55,33,32,29.58,57.6,7.87,649.36,Maharashtra,Kharif,rainfed,low,jowar
59,40,29,28.27,56.32,7.82,478.9,Maharashtra,Kharif,rainfed,low,jowar
50,30,38,29.27,61.45,7.54,568.27,Maharashtra,Kharif,rainfed,low,jowar
63,39,31,26.98,62.72,7.45,581.44,Maharashtra,Kharif,rainfed,low,jowar
67,32,33,28.5,62.05,7.74,596.56,Maharashtra,Kharif,rainfed,low,jowar
58,35,37,29.03,63.64,6.7,429.6,Maharashtra,Kharif,rainfed,low,jowar
69,34,32,28.93,68.07,7.67,631.13,Maharashtra,Kharif,rainfed,low,jowar
54,29,23,28.84,65.06,7.6,614.4,Maharashtra,Kharif,rainfed,low,jowar
59,30,29,27.78,57.41,7.79,499.03,Maharashtra,Kharif,rainfed,low,jowar
59,24,34,28.0,59.69,6.89,575.14,Maharashtra,Kharif,rainfed,low,jowar
56,32,41,28.23,62.95,7.05,529.24,Maharashtra,Kharif,rainfed,low,jowar
60,43,31,28.48,57.96,6.28,528.93,Maharashtra,Kharif,rainfed,low,jowar
76,35,39,27.54,52.36,6.83,598.16,Maharashtra,Kharif,rainfed,low,jowar
62,32,30,29.25,59.16,7.3,586.39,Maharashtra,Kharif,rainfed,low,jowar
58,29,31,30.5,65.08,7.54,529.12,Maharashtra,Kharif,rainfed,low,jowar
50,37,36,28.18,59.64,6.71,625.6,Maharashtra,Kharif,rainfed,low,jowar
68,30,29,29.65,58.65,7.79,568.64,Maharashtra,Kharif,rainfed,low,jowar
57,33,31,29.5,64.25,7.56,585.76,Maharashtra,Kharif,rainfed,low,jowar
57,32,31,29.96,64.68,7.17,520.96,Maharashtra,Kharif,rainfed,low,jowar
70,33,32,30.07,59.13,7.09,561.54,Maharashtra,Kharif,rainfed,low,jowar
51,34,29,27.24,58.42,7.0,526.06,Maharashtra,Kharif,rainfed,low,jowar
62,32,33,31.14,60.43,7.4,616.93,Maharashtra,Kharif,rainfed,low,jowar
60,34,33,28.27,58.85,7.04,575.99,Maharashtra,Kharif,rainfed,low,jowar
47,39,42,28.23,63.44,7.56,497.73,Maharashtra,Kharif,rainfed,low,jowar
66,31,42,27.75,64.33,7.14,703.14,Maharashtra,Kharif,rainfed,low,jowar
57,37,35,28.54,61.84,6.98,424.15,Maharashtra,Kharif,rainfed,low,jowar
67,30,37,28.47,65.4,7.47,431.23,Maharashtra,Kharif,rainfed,low,jowar
64,31,37,28.79,63.21,7.11,521.76,Maharashtra,Kharif,rainfed,low,jowar
57,25,30,26.05,55.73,7.24,606.15,Maharashtra,Kharif,rainfed,low,jowar
60,30,29,27.58,57.99,7.18,486.24,Maharashtra,Kharif,rainfed,low,jowar
65,30,34,29.18,62.2,7.47,454.45,Maharashtra,Kharif,rainfed,low,jowar
57,37,35,30.46,67.25,7.3,560.3,Maharashtra,Kharif,rainfed,low,jowar
54,31,31,27.21,57.63,7.33,673.97,Maharashtra,Kharif,rainfed,low,jowar
66,31,37,28.46,60.85,7.17,563.34,Maharashtra,Kharif,rainfed,low,jowar
64,33,29,26.96,62.12,7.34,556.73,Maharashtra,Kharif,rainfed,low,jowar
52,38,37,25.35,65.91,7.13,586.08,Maharashtra,Kharif,rainfed,low,jowar
68,39,37,28.32,55.96,6.52,626.23,Maharashtra,Kharif,rainfed,low,jowar
69,29,31,27.26,58.86,7.56,587.74,Maharashtra,Kharif,rainfed,low,jowar
58,44,27,28.73,57.15,7.15,583.67,Maharashtra,Kharif,rainfed,low,jowar
66,31,31,27.63,57.04,7.41,591.41,Maharashtra,Kharif,rainfed,low,jowar
63,32,32,29.57,64.75,7.67,596.73,Maharashtra,Kharif,rainfed,low,jowar
69,31,32,29.59,64.09,7.1,513.97,Maharashtra,Kharif,rainfed,low,jowar
59,30,40,29.01,58.19,6.85,529.6,Maharashtra,Kharif,rainfed,low,jowar
56,32,37,26.71,69.39,6.89,492.81,Maharashtra,Kharif,rainfed,low,jowar
71,38,32,28.51,62.49,7.25,499.37,Maharashtra,Kharif,rainfed,low,jowar
43,29,40,30.47,60.04,6.88,591.22,Maharashtra,Kharif,rainfed,low,jowar
63,35,22,32.0,65.15,7.13,533.09,Maharashtra,Kharif,rainfed,low,jowar
67,35,33,28.61,60.59,7.33,617.37,Maharashtra,Kharif,rainfed,low,jowar
62,34,38,25.87,58.07,7.21,532.42,Maharashtra,Kharif,rainfed,low,jowar
57,38,32,25.56,59.45,7.22,577.32,Maharashtra,Kharif,rainfed,low,jowar
64,34,32,26.41,59.38,6.99,558.37,Maharashtra,Kharif,rainfed,low,jowar
65,34,36,27.49,66.53,7.42,581.55,Maharashtra,Kharif,rainfed,low,jowar
64,30,24,27.19,63.74,7.23,567.02,Maharashtra,Kharif,rainfed,low,jowar
54,24,38,27.72,59.43,6.98,648.18,Maharashtra,Kharif,rainfed,low,jowar
66,28,37,27.81,58.76,7.1,529.31,Maharashtra,Kharif,rainfed,low,jowar
51,36,32,28.82,62.05,7.38,455.65,Maharashtra,Kharif,rainfed,low,jowar
54,35,27,28.5,55.9,7.21,668.92,Maharashtra,Kharif,rainfed,low,jowar
65,25,36,30.43,71.26,7.36,495.41,Maharashtra,Kharif,rainfed,low,jowar
63,39,32,29.39,57.92,7.32,429.77,Maharashtra,Kharif,rainfed,low,jowar
54,32,31,26.27,59.17,7.31,569.97,Maharashtra,Kharif,rainfed,low,jowar
60,36,31,29.81,57.37,7.84,639.93,Maharashtra,Kharif,rainfed,low,jowar
58,31,33,28.8,65.01,6.75,600.52,Maharashtra,Kharif,rainfed,low,jowar
46,32,39,26.11,55.14,7.27,655.93,Maharashtra,Kharif,rainfed,low,jowar
62,25,25,28.13,56.68,7.25,586.43,Maharashtra,Kharif,rainfed,low,jowar
57,40,35,29.62,64.38,7.15,563.66,Maharashtra,Kharif,rainfed,low,jowar
58,35,30,30.3,58.27,7.27,561.64,Maharashtra,Kharif,rainfed,low,jowar
57,42,31,27.59,58.56,7.21,569.09,Maharashtra,Kharif,rainfed,low,jowar
53,31,35,29.37,61.09,7.22,553.94,Maharashtra,Kharif,rainfed,low,jowar
57,29,26,27.06,64.31,7.06,554.82,Maharashtra,Kharif,rainfed,low,jowar
58,38,29,28.37,60.75,7.22,589.25,Maharashtra,Kharif,rainfed,low,jowar
60,36,32,30.33,61.16,6.63,612.23,Maharashtra,Kharif,rainfed,low,jowar
63,33,31,25.18,53.86,7.75,540.85,Maharashtra,Kharif,rainfed,low,jowar
66,26,28,28.9,60.62,7.38,574.2,Maharashtra,Kharif,rainfed,low,jowar
59,30,28,29.87,66.75,6.85,510.6,Maharashtra,Kharif,rainfed,low,jowar
58,34,32,28.67,60.82,7.16,715.76,Maharashtra,Kharif,rainfed,low,jowar
56,39,39,28.67,53.94,7.21,544.98,Maharashtra,Kharif,rainfed,low,jowar
60,28,36,29.31,65.29,7.07,513.2,Maharashtra,Kharif,rainfed,low,jowar
62,40,33,28.6,60.14,7.03,613.4,Maharashtra,Kharif,rainfed,low,jowar
59,34,35,28.46,63.05,6.92,521.68,Maharashtra,Kharif,rainfed,low,jowar
60,32,30,28.32,64.33,7.6,657.38,Maharashtra,Kharif,rainfed,low,jowar
51,28,31,28.11,60.13,7.02,557.24,Maharashtra,Kharif,rainfed,low,jowar
63,27,42,28.03,64.85,7.01,608.5,Maharashtra,Kharif,rainfed,low,jowar
61,36,32,30.07,55.53,7.52,581.93,Maharashtra,Kharif,rainfed,low,jowar
53,41,40,25.23,61.65,7.44,600.77,Maharashtra,Kharif,rainfed,low,jowar
70,38,34,31.04,64.44,7.08,542.78,Maharashtra,Kharif,rainfed,low,jowar
68,29,31,27.68,62.3,7.14,498.18,Maharashtra,Kharif,rainfed,low,jowar
68,31,41,28.41,65.65,7.41,651.71,Maharashtra,Kharif,rainfed,low,jowar
64,33,37,31.31,60.01,7.46,574.69,Maharashtra,Kharif,rainfed,low,jowar
63,33,24,27.73,64.67,6.94,628.72,Maharashtra,Kharif,rainfed,low,jowar
61,32,36,28.91,62.54,7.54,586.85,Maharashtra,Kharif,rainfed,low,jowar
49,31,25,28.88,64.29,7.51,603.53,Maharashtra,Kharif,rainfed,low,jowar
66,26,32,26.11,59.69,7.74,638.77,Maharashtra,Kharif,rainfed,low,jowar
64,32,28,28.25,65.07,7.34,482.5,Maharashtra,Kharif,rainfed,low,jowar
61,25,36,27.08,56.52,7.47,607.63,Maharashtra,Kharif,rainfed,low,jowar
62,42,35,27.14,62.9,7.1,648.89,Maharashtra,Kharif,rainfed,low,jowar
62,34,26,28.08,60.79,6.86,562.08,Maharashtra,Kharif,rainfed,low,jowar
63,32,27,27.64,59.28,7.26,579.99,Maharashtra,Kharif,rainfed,low,jowar
57,31,33,29.28,62.02,7.67,641.1,Maharashtra,Kharif,rainfed,low,jowar
70,38,39,26.46,63.37,7.61,656.61,Maharashtra,Kharif,rainfed,low,jowar
55,35,33,30.46,55.91,6.94,469.38,Maharashtra,Kharif,rainfed,low,jowar
61,42,32,28.13,63.02,7.16,596.35,Maharashtra,Kharif,rainfed,low,jowar
63,29,32,28.99,64.4,7.63,594.57,Maharashtra,Kharif,rainfed,low,jowar
62,36,30,27.15,60.54,6.77,598.74,Maharashtra,Kharif,rainfed,low,jowar
67,30,34,27.16,57.27,7.89,516.54,Maharashtra,Kharif,rainfed,low,jowar
51,33,34,28.89,68.34,6.94,541.26,Maharashtra,Kharif,rainfed,low,jowar
71,36,36,27.21,65.13,7.47,586.06,Maharashtra,Kharif,rainfed,low,jowar
56,33,39,26.54,58.07,6.99,551.04,Maharashtra,Kharif,rainfed,low,jowar
60,36,34,28.08,62.02,7.41,476.9,Maharashtra,Kharif,rainfed,low,jowar
67,29,31,28.45,60.72,7.36,583.27,Maharashtra,Kharif,rainfed,low,jowar
58,39,35,28.4,63.54,6.96,701.86,Maharashtra,Kharif,rainfed,low,jowar
53,33,31,27.57,59.33,6.94,644.32,Maharashtra,Kharif,rainfed,low,jowar
52,37,35,27.49,62.95,7.15,510.77,Maharashtra,Kharif,rainfed,low,jowar
53,35,35,28.32,59.56,7.14,556.01,Maharashtra,Kharif,rainfed,low,jowar
48,33,35,28.09,67.49,6.87,536.44,Maharashtra,Kharif,rainfed,low,jowar
61,34,25,28.8,61.91,6.49,568.19,Maharashtra,Kharif,rainfed,low,jowar
55,31,27,28.55,67.46,7.29,449.04,Maharashtra,Kharif,rainfed,low,jowar
62,32,28,28.47,64.23,6.98,479.12,Maharashtra,Kharif,rainfed,low,jowar
47,30,32,27.31,58.49,7.39,602.0,Maharashtra,Kharif,rainfed,low,jowar
61,36,30,26.54,59.08,7.0,455.34,Maharashtra,Kharif,rainfed,low,jowar
56,37,36,28.7,61.48,7.68,513.16,Maharashtra,Kharif,rainfed,low,jowar
54,37,33,27.11,63.02,7.05,526.14,Maharashtra,Kharif,rainfed,low,jowar
54,34,33,30.02,59.94,7.1,658.98,Maharashtra,Kharif,rainfed,low,jowar
67,33,26,26.92,57.13,7.21,545.35,Maharashtra,Kharif,rainfed,low,jowar
71,26,28,28.33,62.91,6.34,473.77,Maharashtra,Kharif,rainfed,low,jowar
58,38,40,27.45,60.37,6.92,611.94,Maharashtra,Kharif,rainfed,low,jowar
70,38,32,26.88,61.03,7.66,551.64,Maharashtra,Kharif,rainfed,low,jowar
48,31,31,25.57,61.85,7.37,683.49,Maharashtra,Kharif,rainfed,low,jowar
51,36,37,28.69,57.31,6.85,580.67,Maharashtra,Kharif,rainfed,low,jowar
61,30,38,27.47,54.06,7.13,603.02,Maharashtra,Kharif,rainfed,low,jowar
62,34,39,26.51,59.45,7.72,460.24,Maharashtra,Kharif,rainfed,low,jowar
60,38,38,28.88,63.51,6.85,655.1,Maharashtra,Kharif,rainfed,low,jowar
52,28,34,27.34,61.76,7.34,678.72,Maharashtra,Kharif,rainfed,low,jowar
63,30,35,26.89,64.35,7.22,598.37,Maharashtra,Kharif,rainfed,low,jowar
48,23,26,30.33,56.79,7.44,537.56,Maharashtra,Kharif,rainfed,low,jowar
58,32,39,28.78,62.41,7.63,538.06,Maharashtra,Kharif,rainfed,low,jowar
67,36,36,27.79,59.4,6.91,527.91,Maharashtra,Kharif,rainfed,low,jowar
54,34,32,28.58,62.79,6.85,511.43,Maharashtra,Kharif,rainfed,low,jowar
58,29,29,30.26,55.38,7.87,591.85,Maharashtra,Kharif,rainfed,low,jowar
67,36,35,30.22,57.03,7.15,525.25,Maharashtra,Kharif,rainfed,low,jowar
49,30,40,27.77,68.27,7.9,749.72,Maharashtra,Kharif,rainfed,low,jowar
73,42,34,28.3,62.08,7.2,583.73,Maharashtra,Kharif,rainfed,low,jowar
65,31,27,28.48,58.46,7.0,566.67,Maharashtra,Kharif,rainfed,low,jowar
58,37,32,29.55,61.76,7.17,584.23,Maharashtra,Kharif,rainfed,low,jowar
51,34,36,29.32,56.04,6.69,543.69,Maharashtra,Kharif,rainfed,low,jowar
69,33,29,26.06,58.49,6.95,629.58,Maharashtra,Kharif,rainfed,low,jowar
67,28,36,28.87,56.67,7.17,594.88,Maharashtra,Kharif,rainfed,low,jowar
61,25,33,28.85,66.79,6.98,543.18,Maharashtra,Kharif,rainfed,low,jowar
59,34,33,28.81,56.87,7.33,531.7,Maharashtra,Kharif,rainfed,low,jowar
59,40,27,27.63,56.33,7.25,636.15,Maharashtra,Kharif,rainfed,low,jowar
61,32,38,28.44,64.01,7.44,407.22,Maharashtra,Kharif,rainfed,low,jowar
59,28,29,29.97,59.63,7.83,492.88,Maharashtra,Kharif,rainfed,low,jowar
53,36,31,28.41,60.59,7.15,557.25,Maharashtra,Kharif,rainfed,low,jowar
61,35,39,27.73,59.56,7.03,660.74,Maharashtra,Kharif,rainfed,low,jowar
65,25,24,26.89,61.84,7.19,605.03,Maharashtra,Kharif,rainfed,low,jowar
59,38,36,28.1,65.2,6.65,570.04,Maharashtra,Kharif,rainfed,low,jowar
61,35,25,27.65,62.47,7.36,644.19,Maharashtra,Kharif,rainfed,low,jowar
65,32,35,27.73,61.54,7.46,572.36,Maharashtra,Kharif,rainfed,low,jowar
62,37,35,29.64,69.54,7.43,548.09,Maharashtra,Kharif,rainfed,low,jowar
63,34,35,29.99,54.82,7.7,682.94,Maharashtra,Kharif,rainfed,low,jowar
64,35,31,28.01,63.56,7.41,617.04,Maharashtra,Kharif,rainfed,low,jowar
64,36,36,26.63,64.05,7.82,573.45,Maharashtra,Kharif,rainfed,low,jowar
70,29,32,27.15,66.06,7.75,569.21,Maharashtra,Kharif,rainfed,low,jowar
68,39,32,28.17,63.69,6.92,581.42,Maharashtra,Kharif,rainfed,low,jowar
74,30,36,28.7,60.4,7.27,677.24,Maharashtra,Kharif,rainfed,low,jowar
64,35,39,27.61,57.16,7.79,582.96,Maharashtra,Kharif,rainfed,low,jowar
66,29,34,26.54,61.23,6.98,523.8,Maharashtra,Kharif,rainfed,low,jowar
58,23,28,29.04,62.27,6.84,606.96,Maharashtra,Kharif,rainfed,low,jowar
54,36,32,27.57,60.67,8.05,530.74,Maharashtra,Kharif,rainfed,low,jowar
62,36,28,25.87,58.8,7.45,555.05,Maharashtra,Kharif,rainfed,low,jowar
58,36,29,27.88,55.45,7.31,588.39,Maharashtra,Kharif,rainfed,low,jowar
65,28,32,26.3,60.1,7.69,556.29,Maharashtra,Kharif,rainfed,low,jowar
51,30,26,26.27,63.46,6.72,593.22,Maharashtra,Kharif,rainfed,low,jowar
60,30,33,26.75,64.08,6.97,552.46,Maharashtra,Kharif,rainfed,low,jowar
57,35,35,24.5,61.93,6.62,555.09,Maharashtra,Kharif,rainfed,low,jowar
59,31,35,28.96,58.16,6.93,572.9,Maharashtra,Kharif,rainfed,low,jowar
50,31,38,25.99,59.75,7.0,691.97,Maharashtra,Kharif,rainfed,low,jowar
56,31,28,28.01,61.99,6.9,632.68,Maharashtra,Kharif,rainfed,low,jowar
62,36,31,28.32,60.22,7.69,581.78,Maharashtra,Kharif,rainfed,low,jowar
60,31,30,28.32,64.01,6.97,582.38,Maharashtra,Kharif,rainfed,low,jowar
61,34,25,26.77,55.99,7.21,522.44,Maharashtra,Kharif,rainfed,low,jowar
57,28,31,26.5,63.78,7.36,583.76,Maharashtra,Kharif,rainfed,low,jowar
58,24,31,26.98,61.91,7.41,593.94,Maharashtra,Kharif,rainfed,low,jowar
68,30,30,29.38,61.61,7.12,682.71,Maharashtra,Kharif,rainfed,low,jowar
64,32,30,29.77,61.76,7.21,614.45,Maharashtra,Kharif,rainfed,low,jowar
66,35,36,28.6,63.03,6.96,680.6,Maharashtra,Kharif,rainfed,low,jowar
52,34,27,27.87,58.91,7.25,594.94,Maharashtra,Kharif,rainfed,low,jowar
54,32,38,26.25,57.87,7.49,579.52,Maharashtra,Kharif,rainfed,low,jowar
61,37,29,27.31,58.64,7.08,653.14,Maharashtra,Kharif,rainfed,low,jowar
49,28,27,29.87,58.75,7.09,480.81,Maharashtra,Kharif,rainfed,low,jowar
58,36,34,27.86,55.26,7.09,583.57,Maharashtra,Kharif,rainfed,low,jowar
53,35,36,27.3,63.66,7.16,641.92,Maharashtra,Kharif,rainfed,low,jowar
74,28,36,29.74,57.44,7.01,540.79,Maharashtra,Kharif,rainfed,low,jowar
59,31,32,29.12,54.05,6.88,614.08,Maharashtra,Kharif,rainfed,low,jowar
64,28,35,29.77,60.82,6.86,626.04,Maharashtra,Kharif,rainfed,low,jowar
71,29,33,29.45,61.42,6.62,600.87,Maharashtra,Kharif,rainfed,low,jowar
53,27,25,29.59,57.94,7.31,608.77,Maharashtra,Kharif,rainfed,low,jowar
61,34,34,28.18,58.21,6.92,568.88,Maharashtra,Kharif,rainfed,low,jowar
59,34,37,28.46,58.03,6.47,530.15,Maharashtra,Kharif,rainfed,low,jowar
51,29,34,28.11,67.81,7.36,686.37,Maharashtra,Kharif,rainfed,low,jowar
65,37,31,26.57,59.35,7.2,538.36,Maharashtra,Kharif,rainfed,low,jowar
53,34,28,25.96,56.89,7.12,517.2,Maharashtra,Kharif,rainfed,low,jowar
58,35,35,27.12,56.22,7.01,613.25,Maharashtra,Kharif,rainfed,low,jowar
66,34,38,30.31,59.23,7.7,559.8,Maharashtra,Kharif,rainfed,low,jowar
67,35,24,26.71,56.52,6.61,626.29,Maharashtra,Kharif,rainfed,low,jowar
74,31,36,29.98,61.76,7.19,560.67,Maharashtra,Kharif,rainfed,low,jowar
64,36,34,28.57,60.81,6.67,627.37,Maharashtra,Kharif,rainfed,low,jowar
51,35,36,26.48,58.77,7.91,570.36,Maharashtra,Kharif,rainfed,low,jowar
52,36,29,25.44,62.91,6.89,593.74,Maharashtra,Kharif,rainfed,low,jowar
55,35,33,24.55,62.4,7.1,657.64,Maharashtra,Kharif,rainfed,low,jowar
63,36,30,26.95,60.91,7.08,653.05,Maharashtra,Kharif,rainfed,low,jowar
59,27,29,29.29,60.39,7.13,636.84,Maharashtra,Kharif,rainfed,low,jowar
54,23,29,28.32,60.09,6.68,634.27,Maharashtra,Kharif,rainfed,low,jowar
61,34,34,26.27,62.11,7.5,641.52,Maharashtra,Kharif,rainfed,low,jowar
65,35,25,27.98,57.49,7.63,640.94,Maharashtra,Kharif,rainfed,low,jowar
54,32,34,29.2,54.86,6.46,577.23,Maharashtra,Kharif,rainfed,low,jowar
43,33,35,29.65,58.72,7.25,613.0,Maharashtra,Kharif,rainfed,low,jowar
52,36,34,27.19,61.52,7.15,620.5,Maharashtra,Kharif,rainfed,low,jowar
58,33,30,26.75,61.63,6.9,621.7,Maharashtra,Kharif,rainfed,low,jowar
64,29,33,26.97,55.12,7.0,572.06,Maharashtra,Kharif,rainfed,low,jowar
63,33,36,26.69,59.62,7.75,462.35,Maharashtra,Kharif,rainfed,low,jowar
57,28,32,27.42,63.21,7.29,498.84,Maharashtra,Kharif,rainfed,low,jowar
56,32,36,31.24,63.58,6.86,569.53,Maharashtra,Kharif,rainfed,low,jowar
61,30,34,24.97,63.03,7.04,568.6,Maharashtra,Kharif,rainfed,low,jowar
70,27,34,29.06,61.62,6.66,653.77,Maharashtra,Kharif,rainfed,low,jowar
59,30,31,27.49,56.64,7.25,540.16,Maharashtra,Kharif,rainfed,low,jowar
64,35,39,27.72,58.05,6.71,702.95,Maharashtra,Kharif,rainfed,low,jowar
64,30,40,29.81,56.05,6.95,567.28,Maharashtra,Kharif,rainfed,low,jowar
53,32,35,26.17,62.07,7.59,598.35,Maharashtra,Kharif,rainfed,low,jowar
59,30,36,26.43,61.89,7.21,640.66,Maharashtra,Kharif,rainfed,low,jowar
56,30,27,28.58,59.45,6.91,530.27,Maharashtra,Kharif,rainfed,low,jowar
64,28,28,29.2,60.39,7.52,554.04,Maharashtra,Kharif,rainfed,low,jowar
60,33,38,29.74,65.23,6.99,517.43,Maharashtra,Kharif,rainfed,low,jowar
65,38,37,28.02,63.67,7.45,583.69,Maharashtra,Kharif,rainfed,low,jowar
61,33,29,27.09,58.43,6.67,583.33,Maharashtra,Kharif,rainfed,low,jowar
60,36,38,29.77,66.2,6.95,491.47,Maharashtra,Kharif,rainfed,low,jowar
66,38,39,28.65,53.68,7.32,607.4,Maharashtra,Kharif,rainfed,low,jowar
68,38,36,27.22,57.23,7.38,528.78,Maharashtra,Kharif,rainfed,low,jowar
70,25,35,28.43,60.24,6.89,454.73,Maharashtra,Kharif,rainfed,low,jowar
56,30,37,26.96,62.66,6.77,603.01,Maharashtra,Kharif,rainfed,low,jowar
45,41,32,24.27,58.37,6.91,536.74,Maharashtra,Kharif,rainfed,low,jowar
58,30,29,26.46,64.01,7.6,560.15,Maharashtra,Kharif,rainfed,low,jowar
60,28,33,28.31,60.2,7.33,593.01,Maharashtra,Kharif,rainfed,low,jowar
53,37,32,30.23,62.54,7.86,643.56,Maharashtra,Kharif,rainfed,low,jowar
62,29,30,28.71,61.52,7.0,623.6,Maharashtra,Kharif,rainfed,low,jowar
60,36,28,29.33,62.84,7.6,632.02,Maharashtra,Kharif,rainfed,low,jowar
59,32,40,27.61,63.74,7.07,466.39,Maharashtra,Kharif,rainfed,low,jowar
52,34,35,28.55,65.2,7.33,529.78,Maharashtra,Kharif,rainfed,low,jowar
64,33,30,28.63,61.29,7.0,564.62,Maharashtra,Kharif,rainfed,low,jowar
69,38,33,28.08,55.75,7.77,635.45,Maharashtra,Kharif,rainfed,low,jowar
65,23,33,27.83,63.5,7.05,561.48,Maharashtra,Kharif,rainfed,low,jowar
64,29,30,28.26,65.91,7.47,637.73,Maharashtra,Kharif,rainfed,low,jowar
60,39,25,30.7,68.89,7.35,623.55,Maharashtra,Kharif,rainfed,low,jowar
60,32,30,27.93,63.04,7.34,690.89,Maharashtra,Kharif,rainfed,low,jowar
61,26,39,26.37,58.95,7.29,599.34,Maharashtra,Kharif,rainfed,low,jowar
50,29,26,28.83,65.34,6.79,633.08,Maharashtra,Kharif,rainfed,low,jowar
66,30,24,26.57,58.82,7.71,568.1,Maharashtra,Kharif,rainfed,low,jowar
53,33,27,28.69,57.42,6.92,596.9,Maharashtra,Kharif,rainfed,low,jowar
72,42,28,27.2,62.89,7.59,448.76,Maharashtra,Kharif,rainfed,low,jowar
61,30,24,26.22,58.92,7.22,633.81,Maharashtra,Kharif,rainfed,low,jowar
62,36,33,27.06,60.33,7.43,635.23,Maharashtra,Kharif,rainfed,low,jowar
59,29,34,28.64,65.52,6.97,536.05,Maharashtra,Kharif,rainfed,low,jowar
65,31,31,29.67,55.97,7.89,539.26,Maharashtra,Kharif,rainfed,low,jowar
66,32,34,27.65,64.14,7.08,541.58,Maharashtra,Kharif,rainfed,low,jowar
72,33,30,26.01,67.84,7.02,695.27,Maharashtra,Kharif,rainfed,low,jowar
63,33,33,30.95,52.96,7.27,559.53,Maharashtra,Kharif,rainfed,low,jowar
59,33,31,28.25,60.91,6.76,597.25,Maharashtra,Kharif,rainfed,low,jowar
65,30,40,29.78,64.09,7.48,576.76,Maharashtra,Kharif,rainfed,low,jowar
68,39,36,27.24,60.85,7.39,623.87,Maharashtra,Kharif,rainfed,low,jowar
59,30,39,26.57,57.55,6.76,519.96,Maharashtra,Kharif,rainfed,low,jowar
68,38,32,28.66,60.96,6.8,704.39,Maharashtra,Kharif,rainfed,low,jowar
69,34,29,27.7,58.46,7.23,593.08,Maharashtra,Kharif,rainfed,low,jowar
58,26,41,28.32,62.67,7.06,483.88,Maharashtra,Kharif,rainfed,low,jowar
59,31,35,29.21,63.81,7.53,680.21,Maharashtra,Kharif,rainfed,low,jowar
63,37,35,25.47,60.43,6.91,588.5,Maharashtra,Kharif,rainfed,low,jowar
55,35,37,29.6,66.94,6.64,505.06,Maharashtra,Kharif,rainfed,low,jowar
80,37,33,23.05,48.79,6.56,194.26,Maharashtra,Rabi,rainfed,low,jowar
59,30,30,27.26,48.08,7.29,228.08,Maharashtra,Rabi,rainfed,low,jowar
64,31,38,23.74,44.28,7.16,214.26,Maharashtra,Rabi,rainfed,low,jowar
59,35,35,23.86,50.24,7.23,148.29,Maharashtra,Rabi,rainfed,low,jowar
65,35,28,23.47,51.38,7.59,237.01,Maharashtra,Rabi,rainfed,low,jowar
62,36,31,23.69,46.72,7.57,166.34,Maharashtra,Rabi,rainfed,low,jowar
65,33,37,21.7,49.33,7.22,234.46,Maharashtra,Rabi,rainfed,low,jowar
53,35,25,21.89,43.27,7.48,233.34,Maharashtra,Rabi,rainfed,low,jowar
63,39,31,24.02,49.24,7.17,263.55,Maharashtra,Rabi,rainfed,low,jowar
74,31,36,23.53,50.21,7.28,208.9,Maharashtra,Rabi,rainfed,low,jowar
40,39,30,22.6,48.19,6.94,228.01,Maharashtra,Rabi,rainfed,low,jowar
60,30,33,22.94,52.4,6.75,193.15,Maharashtra,Rabi,rainfed,low,jowar
65,30,29,22.02,48.63,7.17,213.0,Maharashtra,Rabi,rainfed,low,jowar
53,36,38,19.82,43.3,7.53,272.33,Maharashtra,Rabi,rainfed,low,jowar
46,36,39,21.56,54.79,7.14,230.49,Maharashtra,Rabi,rainfed,low,jowar
55,37,36,25.87,54.28,7.2,320.0,Maharashtra,Rabi,rainfed,low,jowar
69,35,28,20.45,43.7,6.89,265.91,Maharashtra,Rabi,rainfed,low,jowar
63,30,32,22.57,51.93,6.91,231.66,Maharashtra,Rabi,rainfed,low,jowar
62,29,39,22.51,45.36,7.48,221.82,Maharashtra,Rabi,rainfed,low,jowar
63,28,36,26.62,44.37,7.32,193.82,Maharashtra,Rabi,rainfed,low,jowar
78,38,34,20.95,45.38,7.45,174.58,Maharashtra,Rabi,rainfed,low,jowar
51,33,33,23.63,47.39,7.51,191.27,Maharashtra,Rabi,rainfed,low,jowar
64,33,35,24.97,47.33,6.98,163.72,Maharashtra,Rabi,rainfed,low,jowar
47,32,32,21.19,45.81,7.71,249.19,Maharashtra,Rabi,rainfed,low,jowar
52,31,34,21.96,46.03,7.09,256.36,Maharashtra,Rabi,rainfed,low,jowar
68,29,34,22.99,45.3,7.1,177.86,Maharashtra,Rabi,rainfed,low,jowar
68,39,31,21.92,52.87,7.61,182.85,Maharashtra,Rabi,rainfed,low,jowar
59,32,29,23.64,46.43,7.02,216.62,Maharashtra,Rabi,rainfed,low,jowar
50,24,36,21.77,56.83,7.86,203.12,Maharashtra,Rabi,rainfed,low,jowar
76,36,30,18.7,51.52,7.21,234.38,Maharashtra,Rabi,rainfed,low,jowar
58,28,31,24.18,47.7,7.08,169.35,Maharashtra,Rabi,rainfed,low,jowar
61,28,36,21.78,47.92,7.92,209.78,Maharashtra,Rabi,rainfed,low,jowar
57,35,25,25.08,52.64,7.37,120.0,Maharashtra,Rabi,rainfed,low,jowar
58,27,37,24.75,50.42,6.8,269.81,Maharashtra,Rabi,rainfed,low,jowar
58,40,34,23.84,47.31,7.67,240.28,Maharashtra,Rabi,rainfed,low,jowar
70,33,32,23.99,54.29,7.54,224.61,Maharashtra,Rabi,rainfed,low,jowar
48,36,27,23.06,48.58,6.73,232.42,Maharashtra,Rabi,rainfed,low,jowar
74,31,36,26.93,52.16,6.99,227.9,Maharashtra,Rabi,rainfed,low,jowar
63,38,38,18.38,45.86,7.18,186.16,Maharashtra,Rabi,rainfed,low,jowar
40,29,32,22.12,45.34,7.21,231.44,Maharashtra,Rabi,rainfed,low,jowar
57,38,33,21.55,44.88,7.13,257.11,Maharashtra,Rabi,rainfed,low,jowar
55,35,33,26.32,50.43,6.97,244.55,Maharashtra,Rabi,rainfed,low,jowar
65,31,28,23.89,49.23,6.69,228.48,Maharashtra,Rabi,rainfed,low,jowar
56,26,31,25.14,53.43,7.52,228.97,Maharashtra,Rabi,rainfed,low,jowar
64,33,28,21.49,46.77,7.67,255.89,Maharashtra,Rabi,rainfed,low,jowar
53,33,31,22.74,47.03,7.67,219.37,Maharashtra,Rabi,rainfed,low,jowar
61,33,28,23.18,52.9,7.69,181.74,Maharashtra,Rabi,rainfed,low,jowar
50,33,37,23.6,51.49,6.75,200.93,Maharashtra,Rabi,rainfed,low,jowar
45,32,23,25.22,54.7,7.25,169.58,Maharashtra,Rabi,rainfed,low,jowar
63,40,34,24.97,47.22,6.91,217.64,Maharashtra,Rabi,rainfed,low,jowar
47,42,33,24.44,47.31,6.69,267.53,Maharashtra,Rabi,rainfed,low,jowar
53,34,34,23.12,46.12,7.15,188.33,Maharashtra,Rabi,rainfed,low,jowar
65,35,32,22.05,56.73,6.77,168.51,Maharashtra,Rabi,rainfed,low,jowar
59,31,37,24.08,49.11,7.37,236.07,Maharashtra,Rabi,rainfed,low,jowar
74,34,30,23.33,39.4,7.19,256.43,Maharashtra,Rabi,rainfed,low,jowar
64,34,35,24.84,54.23,7.35,209.46,Maharashtra,Rabi,rainfed,low,jowar
45,37,35,23.25,46.48,7.52,211.43,Maharashtra,Rabi,rainfed,low,jowar
60,32,34,21.09,51.06,6.96,197.14,Maharashtra,Rabi,rainfed,low,jowar
66,28,36,23.17,42.96,7.65,230.34,Maharashtra,Rabi,rainfed,low,jowar
63,37,39,23.34,51.26,7.32,208.57,Maharashtra,Rabi,rainfed,low,jowar
49,33,38,23.97,45.09,7.57,209.68,Maharashtra,Rabi,rainfed,low,jowar
46,37,29,25.97,53.21,7.12,235.31,Maharashtra,Rabi,rainfed,low,jowar
76,37,33,27.82,49.43,7.39,188.79,Maharashtra,Rabi,rainfed,low,jowar
49,31,33,23.55,43.79,7.42,192.32,Maharashtra,Rabi,rainfed,low,jowar
64,36,31,21.39,54.66,7.49,225.07,Maharashtra,Rabi,rainfed,low,jowar
70,33,30,21.33,48.6,7.46,266.33,Maharashtra,Rabi,rainfed,low,jowar
60,38,32,21.7,44.21,7.03,177.71,Maharashtra,Rabi,rainfed,low,jowar
73,34,32,25.87,44.23,7.15,286.66,Maharashtra,Rabi,rainfed,low,jowar
59,43,36,25.18,53.89,7.2,203.73,Maharashtra,Rabi,rainfed,low,jowar
59,28,32,22.99,55.19,7.4,298.75,Maharashtra,Rabi,rainfed,low,jowar
46,27,31,25.49,48.6,6.71,211.83,Maharashtra,Rabi,rainfed,low,jowar
52,27,41,22.41,49.63,7.17,211.62,Maharashtra,Rabi,rainfed,low,jowar
54,31,34,25.36,52.47,6.79,252.95,Maharashtra,Rabi,rainfed,low,jowar
63,30,33,23.95,49.17,7.36,191.23,Maharashtra,Rabi,rainfed,low,jowar
73,24,35,23.61,51.36,6.96,258.97,Maharashtra,Rabi,rainfed,low,jowar
59,28,28,23.21,43.15,7.8,254.96,Maharashtra,Rabi,rainfed,low,jowar
72,40,31,21.55,39.18,7.06,278.86,Maharashtra,Rabi,rainfed,low,jowar
54,32,30,23.62,53.72,6.69,175.07,Maharashtra,Rabi,rainfed,low,jowar
70,36,31,25.85,43.99,7.51,217.73,Maharashtra,Rabi,rainfed,low,jowar
64,23,31,24.23,48.77,7.62,260.73,Maharashtra,Rabi,rainfed,low,jowar
54,36,28,23.09,51.41,6.92,246.23,Maharashtra,Rabi,rainfed,low,jowar
57,30,35,21.61,45.75,7.55,223.62,Maharashtra,Rabi,rainfed,low,jowar
50,36,31,20.66,39.81,7.5,191.34,Maharashtra,Rabi,rainfed,low,jowar
52,35,36,21.69,52.35,7.88,264.89,Maharashtra,Rabi,rainfed,low,jowar
68,34,31,22.91,50.62,6.78,194.35,Maharashtra,Rabi,rainfed,low,jowar
50,33,33,21.91,52.01,6.85,197.01,Maharashtra,Rabi,rainfed,low,jowar
65,36,29,23.39,46.14,7.13,224.79,Maharashtra,Rabi,rainfed,low,jowar
64,34,34,21.2,50.42,7.38,242.96,Maharashtra,Rabi,rainfed,low,jowar
55,36,27,22.28,47.99,6.78,210.31,Maharashtra,Rabi,rainfed,low,jowar
61,25,31,20.09,56.49,7.27,224.19,Maharashtra,Rabi,rainfed,low,jowar
62,35,37,20.39,53.8,7.62,217.79,Maharashtra,Rabi,rainfed,low,jowar
59,20,27,23.86,53.4,7.44,217.48,Maharashtra,Rabi,rainfed,low,jowar
73,37,31,26.64,44.98,6.71,205.96,Maharashtra,Rabi,rainfed,low,jowar
55,31,36,22.94,48.97,7.22,142.92,Maharashtra,Rabi,rainfed,low,jowar
50,31,29,22.61,54.15,7.18,175.93,Maharashtra,Rabi,rainfed,low,jowar
55,40,39,23.99,43.27,7.3,232.79,Maharashtra,Rabi,rainfed,low,jowar
60,30,31,21.93,44.8,7.66,249.41,Maharashtra,Rabi,rainfed,low,jowar
58,34,34,26.9,52.2,7.48,221.27,Maharashtra,Rabi,rainfed,low,jowar
57,38,35,21.62,50.66,7.48,150.14,Maharashtra,Rabi,rainfed,low,jowar
54,34,24,20.06,48.01,7.36,237.93,Maharashtra,Rabi,rainfed,low,jowar
71,33,31,20.82,47.59,7.44,245.09,Maharashtra,Rabi,rainfed,low,jowar
62,35,38,23.13,54.01,6.96,217.56,Maharashtra,Rabi,rainfed,low,jowar
57,36,28,22.46,42.18,7.4,261.56,Maharashtra,Rabi,rainfed,low,jowar
66,36,36,24.17,51.25,7.43,198.14,Maharashtra,Rabi,rainfed,low,jowar
59,33,31,20.39,44.47,7.28,250.19,Maharashtra,Rabi,rainfed,low,jowar
60,44,29,23.74,53.73,7.56,241.84,Maharashtra,Rabi,rainfed,low,jowar
67,33,39,25.14,45.88,7.31,168.42,Maharashtra,Rabi,rainfed,low,jowar
70,33,38,22.82,42.19,8.08,224.37,Maharashtra,Rabi,rainfed,low,jowar
53,37,41,22.66,48.64,7.28,182.97,Maharashtra,Rabi,rainfed,low,jowar
55,40,32,21.6,47.34,7.56,154.14,Maharashtra,Rabi,rainfed,low,jowar
62,43,41,23.96,53.83,7.64,215.8,Maharashtra,Rabi,rainfed,low,jowar
66,40,27,23.96,50.33,7.23,220.49,Maharashtra,Rabi,rainfed,low,jowar
62,34,37,23.79,48.35,6.92,204.25,Maharashtra,Rabi,rainfed,low,jowar
62,30,36,23.72,53.19,6.99,192.3,Maharashtra,Rabi,rainfed,low,jowar
68,33,32,24.16,51.43,6.78,266.15,Maharashtra,Rabi,rainfed,low,jowar
57,40,27,23.53,48.32,6.54,241.94,Maharashtra,Rabi,rainfed,low,jowar
47,31,37,22.12,45.69,7.47,211.68,Maharashtra,Rabi,rainfed,low,jowar
57,38,28,22.23,52.18,6.79,279.18,Maharashtra,Rabi,rainfed,low,jowar
59,36,36,22.75,47.24,7.19,243.76,Maharashtra,Rabi,rainfed,low,jowar
53,27,39,21.78,50.3,7.13,214.74,Maharashtra,Rabi,rainfed,low,jowar
70,32,31,22.55,47.15,6.98,203.35,Maharashtra,Rabi,rainfed,low,jowar
71,35,31,24.64,43.18,7.66,263.17,Maharashtra,Rabi,rainfed,low,jowar
75,37,34,25.15,46.71,7.07,217.86,Maharashtra,Rabi,rainfed,low,jowar
69,29,28,23.39,51.63,6.97,242.35,Maharashtra,Rabi,rainfed,low,jowar
69,38,34,22.85,55.36,7.21,251.35,Maharashtra,Rabi,rainfed,low,jowar
73,36,28,20.93,47.91,7.44,234.83,Maharashtra,Rabi,rainfed,low,jowar
75,34,31,21.11,53.33,7.2,169.8,Maharashtra,Rabi,rainfed,low,jowar
60,28,31,23.01,45.68,7.04,195.2,Maharashtra,Rabi,rainfed,low,jowar
55,28,30,21.51,51.15,7.27,259.82,Maharashtra,Rabi,rainfed,low,jowar
73,35,34,24.23,50.71,7.22,219.02,Maharashtra,Rabi,rainfed,low,jowar
53,36,32,25.42,52.36,6.99,261.56,Maharashtra,Rabi,rainfed,low,jowar
43,41,27,23.83,50.57,7.57,209.04,Maharashtra,Rabi,rainfed,low,jowar
46,31,32,19.58,49.17,6.84,241.64,Maharashtra,Rabi,rainfed,low,jowar
58,41,31,23.72,48.22,6.66,213.18,Maharashtra,Rabi,rainfed,low,jowar
65,35,31,20.57,51.36,7.34,248.11,Maharashtra,Rabi,rainfed,low,jowar
58,25,35,22.98,54.1,7.21,218.48,Maharashtra,Rabi,rainfed,low,jowar
63,30,30,22.84,45.63,7.12,284.65,Maharashtra,Rabi,rainfed,low,jowar
67,34,39,21.63,58.13,7.05,286.79,Maharashtra,Rabi,rainfed,low,jowar
73,25,39,22.53,46.92,7.37,186.4,Maharashtra,Rabi,rainfed,low,jowar
63,29,33,25.23,50.42,7.08,238.05,Maharashtra,Rabi,rainfed,low,jowar
51,29,31,24.31,50.49,7.38,219.09,Maharashtra,Rabi,rainfed,low,jowar
55,39,30,23.7,48.59,7.39,199.82,Maharashtra,Rabi,rainfed,low,jowar
67,38,37,23.26,47.4,8.14,186.95,Maharashtra,Rabi,rainfed,low,jowar
66,34,32,23.31,47.13,7.34,230.56,Maharashtra,Rabi,rainfed,low,jowar
78,37,35,23.96,55.74,6.88,213.91,Maharashtra,Rabi,rainfed,low,jowar
47,35,36,21.34,54.26,6.96,208.58,Maharashtra,Rabi,rainfed,low,jowar
61,39,29,23.49,51.84,7.39,240.18,Maharashtra,Rabi,rainfed,low,jowar
65,30,40,22.81,48.11,7.65,198.98,Maharashtra,Rabi,rainfed,low,jowar
62,29,43,26.85,48.6,7.37,220.17,Maharashtra,Rabi,rainfed,low,jowar
58,33,32,20.47,49.96,7.19,230.41,Maharashtra,Rabi,rainfed,low,jowar
59,31,36,23.89,54.12,7.36,213.41,Maharashtra,Rabi,rainfed,low,jowar
64,24,41,23.46,57.01,6.91,182.75,Maharashtra,Rabi,rainfed,low,jowar
62,34,34,23.31,46.7,6.7,229.44,Maharashtra,Rabi,rainfed,low,jowar
51,27,31,23.72,56.29,7.53,267.77,Maharashtra,Rabi,rainfed,low,jowar
64,34,43,20.8,47.48,7.09,249.79,Maharashtra,Rabi,rainfed,low,jowar
53,36,35,24.36,51.92,7.71,218.36,Maharashtra,Rabi,rainfed,low,jowar
64,29,28,25.94,46.02,7.41,237.7,Maharashtra,Rabi,rainfed,low,jowar
68,26,36,22.9,46.8,7.12,254.56,Maharashtra,Rabi,rainfed,low,jowar
65,32,28,21.22,51.76,6.77,216.06,Maharashtra,Rabi,rainfed,low,jowar
78,34,36,21.23,44.5,7.47,210.59,Maharashtra,Rabi,rainfed,low,jowar
68,33,45,22.21,50.43,6.94,257.74,Maharashtra,Rabi,rainfed,low,jowar
64,29,32,25.45,53.96,6.76,207.8,Maharashtra,Rabi,rainfed,low,jowar
73,32,34,24.88,44.48,6.92,212.54,Maharashtra,Rabi,rainfed,low,jowar
69,37,36,22.93,53.51,7.18,242.6,Maharashtra,Rabi,rainfed,low,jowar
67,40,33,22.56,54.12,7.69,205.22,Maharashtra,Rabi,rainfed,low,jowar
53,38,26,20.35,48.38,7.23,184.67,Maharashtra,Rabi,rainfed,low,jowar
61,34,30,26.39,50.58,7.58,171.46,Maharashtra,Rabi,rainfed,low,jowar
50,34,40,21.32,49.53,6.79,196.05,Maharashtra,Rabi,rainfed,low,jowar
61,30,27,20.79,42.08,7.36,239.92,Maharashtra,Rabi,rainfed,low,jowar
64,29,37,24.18,49.03,7.15,198.36,Maharashtra,Rabi,rainfed,low,jowar
61,39,37,22.57,50.97,6.83,244.34,Maharashtra,Rabi,rainfed,low,jowar
54,35,45,22.05,59.72,7.36,195.01,Maharashtra,Rabi,rainfed,low,jowar
55,42,35,22.06,48.25,7.34,219.71,Maharashtra,Rabi,rainfed,low,jowar
62,40,28,24.07,48.73,7.03,255.74,Maharashtra,Rabi,rainfed,low,jowar
50,23,33,22.77,44.04,6.63,284.35,Maharashtra,Rabi,rainfed,low,jowar
63,33,42,24.7,55.49,6.81,179.42,Maharashtra,Rabi,rainfed,low,jowar
64,34,38,20.28,51.58,7.53,251.21,Maharashtra,Rabi,rainfed,low,jowar
57,35,29,22.51,45.18,6.95,211.97,Maharashtra,Rabi,rainfed,low,jowar
57,29,27,26.27,47.16,7.31,161.37,Maharashtra,Rabi,rainfed,low,jowar
69,33,31,22.27,52.19,6.22,192.53,Maharashtra,Rabi,rainfed,low,jowar
59,32,43,22.44,52.63,7.8,242.35,Maharashtra,Rabi,rainfed,low,jowar
56,27,36,25.74,51.0,7.61,306.4,Maharashtra,Rabi,rainfed,low,jowar
66,28,33,25.28,48.09,7.7,217.77,Maharashtra,Rabi,rainfed,low,jowar
62,31,33,23.35,43.1,7.05,178.89,Maharashtra,Rabi,rainfed,low,jowar
57,29,37,24.71,51.05,6.78,216.73,Maharashtra,Rabi,rainfed,low,jowar
51,32,35,24.65,50.73,7.62,228.66,Maharashtra,Rabi,rainfed,low,jowar
58,36,36,22.13,50.39,7.1,153.05,Maharashtra,Rabi,rainfed,low,jowar
63,27,34,20.44,46.36,7.06,260.06,Maharashtra,Rabi,rainfed,low,jowar
56,28,34,22.64,51.9,6.86,227.03,Maharashtra,Rabi,rainfed,low,jowar
76,32,33,20.23,45.87,7.35,209.0,Maharashtra,Rabi,rainfed,low,jowar
64,34,27,24.69,44.44,6.95,227.65,Maharashtra,Rabi,rainfed,low,jowar
70,28,33,23.26,51.41,7.59,206.53,Maharashtra,Rabi,rainfed,low,jowar
67,38,40,23.84,49.58,7.04,171.37,Maharashtra,Rabi,rainfed,low,jowar
58,33,32,24.0,43.67,7.14,286.49,Maharashtra,Rabi,rainfed,low,jowar
67,35,34,22.39,42.57,7.35,138.39,Maharashtra,Rabi,rainfed,low,jowar
58,32,31,26.62,55.69,7.54,189.16,Maharashtra,Rabi,rainfed,low,jowar
73,35,29,23.05,52.51,7.0,224.68,Maharashtra,Rabi,rainfed,low,jowar
62,28,31,21.29,52.19,6.9,229.73,Maharashtra,Rabi,rainfed,low,jowar
51,28,28,22.52,49.66,7.32,160.93,Maharashtra,Rabi,rainfed,low,jowar
59,29,35,22.55,48.7,6.95,277.49,Maharashtra,Rabi,rainfed,low,jowar
51,31,33,22.58,46.2,6.6,196.95,Maharashtra,Rabi,rainfed,low,jowar
54,39,42,22.92,43.85,7.45,187.3,Maharashtra,Rabi,rainfed,low,jowar
56,30,30,22.41,44.18,6.97,254.0,Maharashtra,Rabi,rainfed,low,jowar
60,33,23,24.58,46.49,7.57,225.14,Maharashtra,Rabi,rainfed,low,jowar
56,26,42,24.34,52.16,7.81,227.47,Maharashtra,Rabi,rainfed,low,jowar
69,31,36,21.95,47.15,7.23,177.75,Maharashtra,Rabi,rainfed,low,jowar
62,31,24,22.24,47.73,7.48,229.51,Maharashtra,Rabi,rainfed,low,jowar
70,35,30,22.9,47.72,7.36,221.99,Maharashtra,Rabi,rainfed,low,jowar
56,33,34,21.32,50.16,6.67,256.85,Maharashtra,Rabi,rainfed,low,jowar
64,39,28,24.89,52.43,7.14,207.45,Maharashtra,Rabi,rainfed,low,jowar
53,27,29,20.91,54.85,6.7,224.96,Maharashtra,Rabi,rainfed,low,jowar
63,34,34,24.58,47.36,7.23,210.21,Maharashtra,Rabi,rainfed,low,jowar
69,41,28,19.61,51.09,7.56,285.23,Maharashtra,Rabi,rainfed,low,jowar
65,38,39,25.44,52.23,6.77,219.72,Maharashtra,Rabi,rainfed,low,jowar
62,32,32,25.61,46.22,7.47,230.55,Maharashtra,Rabi,rainfed,low,jowar
54,28,25,23.81,48.77,6.92,157.46,Maharashtra,Rabi,rainfed,low,jowar
63,32,30,21.39,48.13,7.36,209.0,Maharashtra,Rabi,rainfed,low,jowar
52,32,37,23.07,49.25,7.09,190.34,Maharashtra,Rabi,rainfed,low,jowar
54,26,37,23.77,49.3,7.3,231.32,Maharashtra,Rabi,rainfed,low,jowar
55,31,31,27.19,52.74,7.26,265.53,Maharashtra,Rabi,rainfed,low,jowar
68,27,32,22.97,51.24,7.13,216.72,Maharashtra,Rabi,rainfed,low,jowar
57,37,26,22.29,42.24,6.86,230.57,Maharashtra,Rabi,rainfed,low,jowar
62,31,37,25.26,48.75,7.28,204.92,Maharashtra,Rabi,rainfed,low,jowar
64,28,40,24.9,44.6,6.94,234.04,Maharashtra,Rabi,rainfed,low,jowar
58,35,31,25.54,49.03,8.01,240.09,Maharashtra,Rabi,rainfed,low,jowar
51,41,37,23.63,51.37,6.8,159.85,Maharashtra,Rabi,rainfed,low,jowar
60,38,34,25.85,53.84,7.21,259.46,Maharashtra,Rabi,rainfed,low,jowar
70,32,32,23.23,40.16,7.29,244.01,Maharashtra,Rabi,rainfed,low,jowar
61,34,32,19.67,55.1,7.08,199.41,Maharashtra,Rabi,rainfed,low,jowar
69,37,34,24.28,44.77,7.17,263.16,Maharashtra,Rabi,rainfed,low,jowar
55,28,33,23.17,51.37,6.74,135.02,Maharashtra,Rabi,rainfed,low,jowar
66,28,30,19.36,52.75,7.32,230.34,Maharashtra,Rabi,rainfed,low,jowar
62,24,28,22.25,46.25,7.11,228.21,Maharashtra,Rabi,rainfed,low,jowar
67,26,32,24.19,45.61,7.14,235.55,Maharashtra,Rabi,rainfed,low,jowar
60,35,33,22.48,44.7,7.28,223.33,Maharashtra,Rabi,rainfed,low,jowar
53,35,38,21.9,46.33,6.95,164.04,Maharashtra,Rabi,rainfed,low,jowar
73,31,29,21.12,47.58,6.97,267.94,Maharashtra,Rabi,rainfed,low,jowar
52,26,35,22.82,48.18,7.39,224.56,Maharashtra,Rabi,rainfed,low,jowar
60,27,26,21.83,45.02,7.29,160.04,Maharashtra,Rabi,rainfed,low,jowar
57,32,32,23.66,47.8,6.98,261.48,Maharashtra,Rabi,rainfed,low,jowar
58,38,31,22.97,48.49,7.28,206.01,Maharashtra,Rabi,rainfed,low,jowar
61,39,37,24.76,44.08,6.81,227.26,Maharashtra,Rabi,rainfed,low,jowar
65,30,30,25.32,51.51,7.55,205.28,Maharashtra,Rabi,rainfed,low,jowar
57,36,31,21.98,45.65,7.03,249.17,Maharashtra,Rabi,rainfed,low,jowar
50,35,30,22.65,48.46,7.13,210.43,Maharashtra,Rabi,rainfed,low,jowar
57,30,38,23.04,48.54,6.99,206.4,Maharashtra,Rabi,rainfed,low,jowar
56,36,29,19.26,49.21,7.11,200.47,Maharashtra,Rabi,rainfed,low,jowar
66,21,39,24.76,46.7,7.05,236.81,Maharashtra,Rabi,rainfed,low,jowar
64,30,26,26.52,52.51,7.25,225.86,Maharashtra,Rabi,rainfed,low,jowar
64,36,24,22.42,47.33,7.15,245.69,Maharashtra,Rabi,rainfed,low,jowar
48,27,30,23.26,52.05,7.74,210.45,Maharashtra,Rabi,rainfed,low,jowar
66,35,35,22.96,47.54,6.84,182.28,Maharashtra,Rabi,rainfed,low,jowar
62,32,31,24.11,48.26,6.9,211.12,Maharashtra,Rabi,rainfed,low,jowar
65,28,33,22.91,46.21,7.1,167.61,Maharashtra,Rabi,rainfed,low,jowar
61,27,37,22.85,46.9,7.59,185.61,Maharashtra,Rabi,rainfed,low,jowar
55,25,38,26.12,42.86,6.93,222.33,Maharashtra,Rabi,rainfed,low,jowar
57,32,32,23.68,45.48,7.26,182.8,Maharashtra,Rabi,rainfed,low,jowar
57,25,31,22.05,52.46,7.18,224.08,Maharashtra,Rabi,rainfed,low,jowar
60,24,24,22.47,50.02,7.12,191.2,Maharashtra,Rabi,rainfed,low,jowar
58,31,36,24.21,46.97,7.18,229.21,Maharashtra,Rabi,rainfed,low,jowar
63,39,32,24.95,44.75,6.99,148.81,Maharashtra,Rabi,rainfed,low,jowar
61,35,22,23.31,51.22,7.38,180.14,Maharashtra,Rabi,rainfed,low,jowar
65,33,35,22.79,50.4,7.57,213.2,Maharashtra,Rabi,rainfed,low,jowar
62,38,32,21.12,51.48,7.68,262.96,Maharashtra,Rabi,rainfed,low,jowar
65,23,30,22.03,49.16,7.76,183.98,Maharashtra,Rabi,rainfed,low,jowar
75,31,29,24.41,52.39,7.42,194.35,Maharashtra,Rabi,rainfed,low,jowar
63,28,29,22.84,45.99,7.55,200.73,Maharashtra,Rabi,rainfed,low,jowar
59,29,37,21.89,53.19,7.56,205.14,Maharashtra,Rabi,rainfed,low,jowar
60,31,35,22.68,47.47,7.22,167.26,Maharashtra,Rabi,rainfed,low,jowar
59,35,33,24.59,47.62,7.05,182.76,Maharashtra,Rabi,rainfed,low,jowar
57,41,34,22.02,45.31,6.67,192.32,Maharashtra,Rabi,rainfed,low,jowar
65,31,29,21.59,51.38,7.17,199.09,Maharashtra,Rabi,rainfed,low,jowar
58,42,38,25.45,42.58,7.15,198.51,Maharashtra,Rabi,rainfed,low,jowar
64,37,34,21.55,46.58,7.41,244.0,Maharashtra,Rabi,rainfed,low,jowar
61,33,33,23.45,51.63,7.41,220.79,Maharashtra,Rabi,rainfed,low,jowar
60,32,29,21.68,50.99,6.96,247.13,Maharashtra,Rabi,rainfed,low,jowar
60,36,35,24.4,47.25,7.34,244.6,Maharashtra,Rabi,rainfed,low,jowar
50,40,42,24.58,51.95,7.4,209.22,Maharashtra,Rabi,rainfed,low,jowar
59,37,28,21.23,47.54,7.42,191.14,Maharashtra,Rabi,rainfed,low,jowar
58,32,28,18.93,45.24,7.29,236.2,Maharashtra,Rabi,rainfed,low,jowar
63,35,30,21.6,50.38,7.13,250.24,Maharashtra,Rabi,rainfed,low,jowar
63,38,31,24.78,56.46,7.22,236.64,Maharashtra,Rabi,rainfed,low,jowar
54,36,37,22.18,51.15,7.29,233.03,Maharashtra,Rabi,rainfed,low,jowar
65,35,32,24.39,53.08,7.02,219.94,Maharashtra,Rabi,rainfed,low,jowar
48,35,38,22.57,49.49,7.13,207.2,Maharashtra,Rabi,rainfed,low,jowar
62,29,32,21.49,51.16,7.28,205.63,Maharashtra,Rabi,rainfed,low,jowar
60,32,37,22.26,51.33,6.96,247.14,Maharashtra,Rabi,rainfed,low,jowar
67,37,39,23.49,53.54,7.74,182.6,Maharashtra,Rabi,rainfed,low,jowar
56,26,37,20.49,42.47,6.83,162.06,Maharashtra,Rabi,rainfed,low,jowar
62,28,25,22.93,49.06,6.58,196.21,Maharashtra,Rabi,rainfed,low,jowar
60,31,31,24.97,56.87,7.1,175.94,Maharashtra,Rabi,rainfed,low,jowar
58,33,32,24.02,57.11,6.63,203.1,Maharashtra,Rabi,rainfed,low,jowar
70,30,36,24.05,53.54,7.84,231.1,Maharashtra,Rabi,rainfed,low,jowar
48,30,42,20.64,50.82,6.36,174.96,Maharashtra,Rabi,rainfed,low,jowar
66,33,31,21.64,41.68,7.43,210.56,Maharashtra,Rabi,rainfed,low,jowar
50,33,35,22.67,49.43,7.21,196.44,Maharashtra,Rabi,rainfed,low,jowar
60,36,37,24.32,46.52,7.41,235.52,Maharashtra,Rabi,rainfed,low,jowar
55,31,35,25.29,42.36,7.75,258.81,Maharashtra,Rabi,rainfed,low,jowar
61,31,34,21.93,48.35,6.71,161.95,Maharashtra,Rabi,rainfed,low,jowar
76,33,33,22.95,45.96,7.1,223.04,Maharashtra,Rabi,rainfed,low,jowar
85,48,44,25.89,69.83,6.7,700.84,Maharashtra,Kharif,canal,medium,maize
87,29,25,26.84,63.23,6.21,613.35,Maharashtra,Kharif,canal,medium,maize
93,42,44,27.18,62.98,6.93,718.93,Maharashtra,Kharif,canal,medium,maize
84,40,44,25.38,70.67,6.87,675.17,Maharashtra,Kharif,canal,medium,maize
98,34,38,25.48,67.87,7.05,601.27,Maharashtra,Kharif,canal,medium,maize
110,37,42,26.5,66.68,6.46,755.07,Maharashtra,Kharif,canal,medium,maize
78,31,34,28.67,71.29,6.1,736.03,Maharashtra,Kharif,canal,medium,maize
68,40,34,27.84,68.63,6.99,652.86,Maharashtra,Kharif,canal,medium,maize
83,33,35,27.92,67.91,6.73,769.66,Maharashtra,Kharif,canal,medium,maize
74,44,34,28.72,68.59,6.99,622.38,Maharashtra,Kharif,canal,medium,maize
103,50,42,28.26,65.34,6.32,734.68,Maharashtra,Kharif,canal,medium,maize
77,47,45,26.85,67.19,7.0,695.59,Maharashtra,Kharif,canal,medium,maize
82,32,45,27.05,77.06,6.67,697.65,Maharashtra,Kharif,canal,medium,maize
88,43,35,26.38,69.67,6.6,734.26,Maharashtra,Kharif,canal,medium,maize
86,42,46,26.16,60.93,6.62,613.08,Maharashtra,Kharif,canal,medium,maize
67,39,41,28.03,62.13,6.73,759.61,Maharashtra,Kharif,canal,medium,maize
80,43,48,23.71,67.55,7.05,648.7,Maharashtra,Kharif,canal,medium,maize
97,43,49,27.37,73.6,6.79,572.42,Maharashtra,Kharif,canal,medium,maize
80,45,45,26.03,73.42,6.59,709.65,Maharashtra,Kharif,canal,medium,maize
89,33,39,30.07,62.96,6.89,588.42,Maharashtra,Kharif,canal,medium,maize
77,33,45,25.19,71.36,6.54,684.6,Maharashtra,Kharif,canal,medium,maize
88,32,41,27.02,70.87,6.41,613.72,Maharashtra,Kharif,canal,medium,maize
90,47,37,24.65,65.29,6.4,704.83,Maharashtra,Kharif,canal,medium,maize
76,45,41,28.01,57.21,6.17,771.95,Maharashtra,Kharif,canal,medium,maize
79,33,39,26.86,65.89,6.84,699.94,Maharashtra,Kharif,canal,medium,maize
87,47,40,26.43,69.58,6.87,607.29,Maharashtra,Kharif,canal,medium,maize
84,42,37,25.69,61.17,5.84,646.94,Maharashtra,Kharif,canal,medium,maize
86,35,47,24.93,70.0,6.83,838.23,Maharashtra,Kharif,canal,medium,maize
89,33,45,29.05,59.71,6.89,739.52,Maharashtra,Kharif,canal,medium,maize
83,28,39,25.63,72.36,6.67,644.08,Maharashtra,Kharif,canal,medium,maize
80,42,40,25.32,67.51,6.53,480.58,Maharashtra,Kharif,canal,medium,maize
91,43,41,25.84,66.22,6.95,627.61,Maharashtra,Kharif,canal,medium,maize
92,33,41,26.54,70.34,6.42,614.26,Maharashtra,Kharif,canal,medium,maize
73,37,41,23.8,64.8,6.88,667.28,Maharashtra,Kharif,canal,medium,maize
86,32,39,26.54,65.87,6.75,651.82,Maharashtra,Kharif,canal,medium,maize
81,35,45,24.66,67.11,7.24,757.61,Maharashtra,Kharif,canal,medium,maize
89,41,39,25.15,65.53,6.87,704.23,Maharashtra,Kharif,canal,medium,maize
92,46,39,26.79,59.22,7.38,643.96,Maharashtra,Kharif,canal,medium,maize
90,38,38,26.14,61.73,5.96,761.98,Maharashtra,Kharif,canal,medium,maize
90,35,42,27.74,63.84,6.82,750.51,Maharashtra,Kharif,canal,medium,maize
73,43,42,29.32,68.64,6.58,652.86,Maharashtra,Kharif,canal,medium,maize
102,38,43,26.14,70.64,7.04,673.3,Maharashtra,Kharif,canal,medium,maize
82,38,31,26.65,66.81,6.46,537.39,Maharashtra,Kharif,canal,medium,maize
87,42,42,25.02,68.02,6.65,739.84,Maharashtra,Kharif,canal,medium,maize
77,46,48,26.67,68.05,6.94,598.07,Maharashtra,Kharif,canal,medium,maize
81,41,50,24.71,72.78,6.64,672.42,Maharashtra,Kharif,canal,medium,maize
95,50,42,28.25,62.97,6.54,573.57,Maharashtra,Kharif,canal,medium,maize
81,43,41,29.09,74.38,6.66,624.02,Maharashtra,Kharif,canal,medium,maize
95,46,42,27.56,68.61,6.4,583.61,Maharashtra,Kharif,canal,medium,maize
85,39,41,26.3,59.97,6.07,730.31,Maharashtra,Kharif,canal,medium,maize
79,39,37,25.13,62.9,7.01,657.06,Maharashtra,Kharif,canal,medium,maize
90,44,42,27.7,66.55,7.11,736.76,Maharashtra,Kharif,canal,medium,maize
93,35,41,23.75,71.87,6.51,638.65,Maharashtra,Kharif,canal,medium,maize
74,40,39,29.23,69.79,6.55,550.03,Maharashtra,Kharif,canal,medium,maize
66,35,33,27.02,65.94,6.71,603.83,Maharashtra,Kharif,canal,medium,maize
86,33,40,27.75,65.1,6.83,526.74,Maharashtra,Kharif,canal,medium,maize
68,42,45,26.14,74.72,6.27,624.0,Maharashtra,Kharif,canal,medium,maize
86,42,37,24.91,68.88,6.74,649.15,Maharashtra,Kharif,canal,medium,maize
89,39,39,26.24,63.35,6.42,635.57,Maharashtra,Kharif,canal,medium,maize
85,31,45,26.53,62.42,7.18,678.13,Maharashtra,Kharif,canal,medium,maize
74,48,47,25.14,65.26,6.56,533.29,Maharashtra,Kharif,canal,medium,maize
88,44,43,26.55,70.11,6.36,811.37,Maharashtra,Kharif,canal,medium,maize
79,37,37,25.53,65.76,6.63,684.72,Maharashtra,Kharif,canal,medium,maize
78,41,35,27.6,69.26,6.7,626.27,Maharashtra,Kharif,canal,medium,maize
88,36,40,26.27,76.58,6.33,474.95,Maharashtra,Kharif,canal,medium,maize
80,31,36,24.55,63.03,6.38,747.22,Maharashtra,Kharif,canal,medium,maize
85,45,40,27.89,65.34,7.18,710.32,Maharashtra,Kharif,canal,medium,maize
79,43,40,26.2,66.87,6.93,516.19,Maharashtra,Kharif,canal,medium,maize
82,43,41,24.81,57.42,7.21,660.97,Maharashtra,Kharif,canal,medium,maize
98,44,36,22.75,64.73,6.69,708.8,Maharashtra,Kharif,canal,medium,maize
76,41,41,27.98,65.32,6.83,696.63,Maharashtra,Kharif,canal,medium,maize
92,36,25,26.14,65.61,6.35,561.9,Maharashtra,Kharif,canal,medium,maize
80,39,40,23.07,59.78,7.04,660.78,Maharashtra,Kharif,canal,medium,maize
85,33,40,25.94,64.13,6.26,609.86,Maharashtra,Kharif,canal,medium,maize
101,38,44,26.21,65.3,6.51,775.92,Maharashtra,Kharif,canal,medium,maize
88,36,38,28.11,55.62,6.79,715.32,Maharashtra,Kharif,canal,medium,maize
79,41,43,24.65,69.73,6.79,663.53,Maharashtra,Kharif,canal,medium,maize
86,44,52,27.41,69.61,6.76,817.62,Maharashtra,Kharif,canal,medium,maize
73,31,41,27.49,56.63,6.7,661.46,Maharashtra,Kharif,canal,medium,maize
91,42,31,24.88,63.41,6.92,703.1,Maharashtra,Kharif,canal,medium,maize
80,41,35,29.57,68.7,6.94,778.26,Maharashtra,Kharif,canal,medium,maize
93,40,39,28.43,66.6,6.48,822.5,Maharashtra,Kharif,canal,medium,maize
77,31,45,25.4,68.17,7.25,571.89,Maharashtra,Kharif,canal,medium,maize
85,47,43,26.23,75.66,6.67,704.77,Maharashtra,Kharif,canal,medium,maize
99,45,47,25.15,71.21,6.75,619.07,Maharashtra,Kharif,canal,medium,maize
87,41,49,27.07,63.51,6.4,671.45,Maharashtra,Kharif,canal,medium,maize
74,36,39,25.87,69.29,6.48,489.75,Maharashtra,Kharif,canal,medium,maize
71,40,37,24.64,74.01,6.95,670.62,Maharashtra,Kharif,canal,medium,maize
87,39,34,28.05,69.76,6.11,691.98,Maharashtra,Kharif,canal,medium,maize
88,38,50,29.48,65.05,6.63,649.48,Maharashtra,Kharif,canal,medium,maize
80,35,43,29.44,72.44,6.94,494.47,Maharashtra,Kharif,canal,medium,maize
69,45,48,27.33,65.33,7.11,731.52,Maharashtra,Kharif,canal,medium,maize
94,31,42,29.16,68.52,6.98,677.73,Maharashtra,Kharif,canal,medium,maize
86,47,37,25.35,64.67,6.71,554.24,Maharashtra,Kharif,canal,medium,maize
91,39,44,23.32,69.79,7.1,707.89,Maharashtra,Kharif,canal,medium,maize
85,44,46,27.28,68.79,7.2,732.09,Maharashtra,Kharif,canal,medium,maize
78,46,39,26.55,66.91,6.99,806.16,Maharashtra,Kharif,canal,medium,maize
85,49,41,28.6,67.26,6.55,819.16,Maharashtra,Kharif,canal,medium,maize
80,37,34,28.4,72.26,6.81,601.21,Maharashtra,Kharif,canal,medium,maize
85,38,35,25.77,68.44,6.52,696.88,Maharashtra,Kharif,canal,medium,maize
70,48,38,27.81,67.22,6.82,590.1,Maharashtra,Kharif,canal,medium,maize
79,36,40,28.49,68.16,6.43,681.55,Maharashtra,Kharif,canal,medium,maize
84,38,40,27.65,63.74,6.6,748.66,Maharashtra,Kharif,canal,medium,maize
89,46,47,24.46,67.61,6.55,585.1,Maharashtra,Kharif,canal,medium,maize
78,38,39,25.59,66.45,7.43,545.61,Maharashtra,Kharif,canal,medium,maize
94,40,38,23.47,69.42,6.27,737.09,Maharashtra,Kharif,canal,medium,maize
100,34,46,26.54,58.47,6.34,688.37,Maharashtra,Kharif,canal,medium,maize
88,32,40,27.74,70.33,6.58,707.89,Maharashtra,Kharif,canal,medium,maize
94,44,44,26.67,66.14,6.78,617.72,Maharashtra,Kharif,canal,medium,maize
94,32,37,26.45,68.3,6.9,786.67,Maharashtra,Kharif,canal,medium,maize
86,36,39,26.02,68.49,6.38,661.84,Maharashtra,Kharif,canal,medium,maize
99,41,35,25.99,57.94,6.68,798.58,Maharashtra,Kharif,canal,medium,maize
75,33,37,27.88,73.03,6.83,578.56,Maharashtra,Kharif,canal,medium,maize
85,49,38,26.71,67.42,6.24,749.85,Maharashtra,Kharif,canal,medium,maize
92,30,33,25.05,69.37,6.47,705.1,Maharashtra,Kharif,canal,medium,maize
83,40,42,26.91,66.43,6.8,691.27,Maharashtra,Kharif,canal,medium,maize
83,38,49,25.84,71.74,6.49,735.76,Maharashtra,Kharif,canal,medium,maize
100,38,37,25.86,66.43,6.8,672.0,Maharashtra,Kharif,canal,medium,maize
82,50,39,25.57,69.68,6.95,780.94,Maharashtra,Kharif,canal,medium,maize
101,42,39,23.65,62.9,6.76,586.43,Maharashtra,Kharif,canal,medium,maize
72,40,44,26.13,69.94,6.88,761.19,Maharashtra,Kharif,canal,medium,maize
103,53,44,25.81,66.74,7.17,608.01,Maharashtra,Kharif,canal,medium,maize
97,39,41,25.29,61.43,6.62,772.73,Maharashtra,Kharif,canal,medium,maize
79,48,37,24.9,67.47,6.9,689.11,Maharashtra,Kharif,canal,medium,maize
86,48,40,25.79,62.16,7.08,643.07,Maharashtra,Kharif,canal,medium,maize
82,45,50,26.88,65.97,6.7,640.83,Maharashtra,Kharif,canal,medium,maize
82,38,45,26.37,71.71,6.67,647.47,Maharashtra,Kharif,canal,medium,maize
96,40,39,26.55,72.12,6.79,768.71,Maharashtra,Kharif,canal,medium,maize
83,45,41,27.82,70.21,6.42,680.4,Maharashtra,Kharif,canal,medium,maize
93,46,46,26.66,72.4,6.5,562.89,Maharashtra,Kharif,canal,medium,maize
83,46,35,24.3,59.9,6.92,566.43,Maharashtra,Kharif,canal,medium,maize
90,38,36,25.0,67.29,6.47,674.63,Maharashtra,Kharif,canal,medium,maize
88,43,45,26.75,62.47,6.84,724.22,Maharashtra,Kharif,canal,medium,maize
83,39,52,24.56,68.39,7.01,649.41,Maharashtra,Kharif,canal,medium,maize
84,38,40,27.85,65.74,7.6,641.04,Maharashtra,Kharif,canal,medium,maize
96,43,41,28.71,60.37,6.83,621.27,Maharashtra,Kharif,canal,medium,maize
81,38,35,24.02,67.99,6.68,652.46,Maharashtra,Kharif,canal,medium,maize
91,42,39,31.0,70.4,7.43,643.88,Maharashtra,Kharif,canal,medium,maize
87,34,38,25.62,77.98,6.49,657.45,Maharashtra,Kharif,canal,medium,maize
73,43,35,27.88,59.64,6.66,536.57,Maharashtra,Kharif,canal,medium,maize
81,39,37,25.75,70.22,7.35,700.45,Maharashtra,Kharif,canal,medium,maize
78,40,38,27.83,67.6,6.23,757.35,Maharashtra,Kharif,canal,medium,maize
93,47,37,26.95,61.96,6.68,704.77,Maharashtra,Kharif,canal,medium,maize
80,42,41,25.83,71.86,6.63,684.96,Maharashtra,Kharif,canal,medium,maize
73,43,38,27.94,61.47,6.83,511.35,Maharashtra,Kharif,canal,medium,maize
90,39,42,25.6,62.86,6.57,689.4,Maharashtra,Kharif,canal,medium,maize
90,42,35,29.26,67.78,6.51,706.82,Maharashtra,Kharif,canal,medium,maize
87,39,39,27.98,73.12,6.09,767.29,Maharashtra,Kharif,canal,medium,maize
85,41,47,22.52,69.62,7.08,623.35,Maharashtra,Kharif,canal,medium,maize
73,48,31,27.13,70.42,6.82,717.35,Maharashtra,Kharif,canal,medium,maize
83,42,36,25.63,66.64,6.24,718.28,Maharashtra,Kharif,canal,medium,maize
64,42,42,25.31,61.77,6.58,722.98,Maharashtra,Kharif,canal,medium,maize
88,34,41,26.89,67.34,6.4,686.68,Maharashtra,Kharif,canal,medium,maize
93,43,42,28.96,67.14,6.45,612.09,Maharashtra,Kharif,canal,medium,maize
86,33,38,27.2,70.99,6.24,682.43,Maharashtra,Kharif,canal,medium,maize
84,40,41,26.45,71.84,7.07,835.75,Maharashtra,Kharif,canal,medium,maize
85,38,35,25.72,69.24,6.96,725.66,Maharashtra,Kharif,canal,medium,maize
79,37,50,25.25,71.93,6.82,620.06,Maharashtra,Kharif,canal,medium,maize
75,37,42,25.14,72.46,6.64,727.53,Maharashtra,Kharif,canal,medium,maize
90,48,38,26.66,61.13,6.73,760.5,Maharashtra,Kharif,canal,medium,maize
87,52,43,25.69,68.25,6.26,615.08,Maharashtra,Kharif,canal,medium,maize
75,40,40,28.31,66.12,6.4,791.95,Maharashtra,Kharif,canal,medium,maize
60,40,41,26.48,68.42,6.73,712.47,Maharashtra,Kharif,canal,medium,maize
80,33,40,24.96,63.71,7.05,791.85,Maharashtra,Kharif,canal,medium,maize
95,45,40,28.02,67.86,7.28,606.14,Maharashtra,Kharif,canal,medium,maize
91,34,43,23.92,61.85,6.32,693.91,Maharashtra,Kharif,canal,medium,maize
88,52,40,27.66,67.12,6.91,685.77,Maharashtra,Kharif,canal,medium,maize
94,35,28,27.13,59.58,7.09,633.89,Maharashtra,Kharif,canal,medium,maize
76,54,40,26.18,69.37,6.94,760.43,Maharashtra,Kharif,canal,medium,maize
74,43,39,25.12,66.68,6.16,744.22,Maharashtra,Kharif,canal,medium,maize
83,38,39,26.25,70.87,6.37,646.33,Maharashtra,Kharif,canal,medium,maize
83,35,41,25.41,61.12,6.86,791.05,Maharashtra,Kharif,canal,medium,maize
85,39,39,25.73,70.99,6.73,511.6,Maharashtra,Kharif,canal,medium,maize
95,45,43,22.37,66.49,6.97,703.46,Maharashtra,Kharif,canal,medium,maize
87,44,41,28.31,67.12,6.72,741.93,Maharashtra,Kharif,canal,medium,maize
82,35,40,27.39,70.05,6.98,669.85,Maharashtra,Kharif,canal,medium,maize
84,37,41,24.04,66.59,7.55,562.21,Maharashtra,Kharif,canal,medium,maize
86,42,43,25.05,68.48,6.54,567.93,Maharashtra,Kharif,canal,medium,maize
93,43,35,25.68,64.28,6.21,732.18,Maharashtra,Kharif,canal,medium,maize
92,38,40,26.67,67.44,6.3,711.63,Maharashtra,Kharif,canal,medium,maize
75,43,35,24.55,66.39,6.68,682.78,Maharashtra,Kharif,canal,medium,maize
78,41,41,28.25,67.21,6.52,573.97,Maharashtra,Kharif,canal,medium,maize
72,42,44,25.16,67.48,6.65,728.87,Maharashtra,Kharif,canal,medium,maize
92,29,45,26.88,64.46,6.55,677.38,Maharashtra,Kharif,canal,medium,maize
81,35,36,24.94,71.66,6.72,843.96,Maharashtra,Kharif,canal,medium,maize
88,43,35,26.17,66.78,6.51,640.14,Maharashtra,Kharif,canal,medium,maize
89,42,33,26.93,68.62,6.52,623.11,Maharashtra,Kharif,canal,medium,maize
89,27,40,28.95,56.55,6.95,715.83,Maharashtra,Kharif,canal,medium,maize
73,43,45,24.74,63.79,6.71,748.33,Maharashtra,Kharif,canal,medium,maize
80,40,37,26.54,70.51,6.73,648.19,Maharashtra,Kharif,canal,medium,maize
85,36,35,28.31,72.78,6.16,718.66,Maharashtra,Kharif,canal,medium,maize
92,34,38,25.63,73.79,7.2,605.91,Maharashtra,Kharif,canal,medium,maize
73,44,43,28.37,62.44,6.92,620.12,Maharashtra,Kharif,canal,medium,maize
90,40,50,27.17,65.3,6.74,667.46,Maharashtra,Kharif,canal,medium,maize
75,50,48,26.24,69.18,7.32,767.77,Maharashtra,Kharif,canal,medium,maize
82,40,31,27.66,71.26,7.07,727.58,Maharashtra,Kharif,canal,medium,maize
88,35,42,25.55,68.51,6.47,713.91,Maharashtra,Kharif,canal,medium,maize
96,42,42,27.87,73.29,6.67,714.08,Maharashtra,Kharif,canal,medium,maize
98,43,30,25.43,69.38,6.58,783.03,Maharashtra,Kharif,canal,medium,maize
100,37,35,25.96,64.89,7.16,597.35,Maharashtra,Kharif,canal,medium,maize
91,47,44,27.15,65.88,7.25,656.61,Maharashtra,Kharif,canal,medium,maize
93,39,31,26.1,65.9,6.66,625.48,Maharashtra,Kharif,canal,medium,maize
90,44,38,26.03,62.47,6.78,778.34,Maharashtra,Kharif,canal,medium,maize
96,37,50,25.96,62.61,6.29,594.28,Maharashtra,Kharif,canal,medium,maize
88,39,37,25.23,62.34,6.43,751.15,Maharashtra,Kharif,canal,medium,maize
100,49,43,25.76,63.94,6.93,656.52,Maharashtra,Kharif,canal,medium,maize
88,50,41,29.92,62.18,6.83,698.53,Maharashtra,Kharif,canal,medium,maize
77,44,48,29.8,68.08,6.13,710.77,Maharashtra,Kharif,canal,medium,maize
91,39,41,25.77,65.99,7.01,779.18,Maharashtra,Kharif,canal,medium,maize
74,37,32,29.26,69.84,6.1,670.16,Maharashtra,Kharif,canal,medium,maize
83,36,45,28.02,67.53,6.51,627.51,Maharashtra,Kharif,canal,medium,maize
85,38,40,27.34,60.62,6.47,672.47,Maharashtra,Kharif,canal,medium,maize
98,44,40,27.1,66.11,7.02,707.53,Maharashtra,Kharif,canal,medium,maize
96,33,36,26.91,68.39,7.42,539.42,Maharashtra,Kharif,canal,medium,maize
85,40,41,29.1,69.86,6.22,790.03,Maharashtra,Kharif,canal,medium,maize
98,41,32,26.27,68.3,7.0,542.22,Maharashtra,Kharif,canal,medium,maize
79,45,48,27.15,70.9,6.84,747.23,Maharashtra,Kharif,canal,medium,maize
86,42,34,27.58,61.7,6.92,642.08,Maharashtra,Kharif,canal,medium,maize
88,35,37,27.05,69.39,7.03,588.74,Maharashtra,Kharif,canal,medium,maize
72,35,35,28.85,71.64,6.4,803.27,Maharashtra,Kharif,canal,medium,maize
96,32,35,24.01,66.17,6.71,676.17,Maharashtra,Kharif,canal,medium,maize
68,33,41,27.43,58.76,6.32,751.68,Maharashtra,Kharif,canal,medium,maize
75,40,33,27.75,58.77,6.61,745.52,Maharashtra,Kharif,canal,medium,maize
90,38,37,26.15,61.56,6.67,668.78,Maharashtra,Kharif,canal,medium,maize
82,45,35,23.94,64.49,6.74,667.0,Maharashtra,Kharif,canal,medium,maize
84,34,35,25.77,64.33,7.03,694.79,Maharashtra,Kharif,canal,medium,maize
81,45,42,24.46,55.0,6.3,719.62,Maharashtra,Kharif,canal,medium,maize
92,32,43,27.43,71.85,6.99,776.39,Maharashtra,Kharif,canal,medium,maize
89,42,38,27.73,61.39,6.66,715.49,Maharashtra,Kharif,canal,medium,maize
97,38,45,26.2,70.28,6.46,729.45,Maharashtra,Kharif,canal,medium,maize
84,34,39,28.48,62.59,6.25,704.91,Maharashtra,Kharif,canal,medium,maize
71,48,48,28.06,66.46,7.2,775.91,Maharashtra,Kharif,canal,medium,maize
81,47,35,26.2,59.63,6.74,652.91,Maharashtra,Kharif,canal,medium,maize
81,39,37,26.56,71.42,6.38,739.69,Maharashtra,Kharif,canal,medium,maize
87,42,40,25.42,68.21,6.86,614.96,Maharashtra,Kharif,canal,medium,maize
74,40,44,28.01,71.11,6.81,655.26,Maharashtra,Kharif,canal,medium,maize
85,34,37,26.42,65.48,6.73,571.89,Maharashtra,Kharif,canal,medium,maize
75,44,36,25.49,66.86,6.42,757.97,Maharashtra,Kharif,canal,medium,maize
75,40,36,26.73,64.59,6.69,766.6,Maharashtra,Kharif,canal,medium,maize
79,37,38,28.71,66.16,7.07,661.73,Maharashtra,Kharif,canal,medium,maize
95,42,43,24.35,60.43,7.02,754.33,Maharashtra,Kharif,canal,medium,maize
105,33,42,24.96,63.66,6.55,703.68,Maharashtra,Kharif,canal,medium,maize
79,40,44,28.19,69.15,6.84,664.38,Maharashtra,Kharif,canal,medium,maize
80,43,35,26.68,62.38,6.69,595.97,Maharashtra,Kharif,canal,medium,maize
82,37,36,26.37,57.21,6.16,735.28,Maharashtra,Kharif,canal,medium,maize
86,36,45,25.54,64.28,6.46,818.0,Maharashtra,Kharif,canal,medium,maize
87,41,42,23.72,64.22,6.84,674.69,Maharashtra,Kharif,canal,medium,maize
103,37,45,27.71,67.05,6.8,653.23,Maharashtra,Kharif,canal,medium,maize
69,42,42,27.38,66.74,6.99,610.05,Maharashtra,Kharif,canal,medium,maize
97,35,39,27.52,64.53,6.92,649.29,Maharashtra,Kharif,canal,medium,maize
86,39,37,29.88,63.28,6.01,614.73,Maharashtra,Kharif,canal,medium,maize
86,38,45,27.97,65.28,6.2,578.76,Maharashtra,Kharif,canal,medium,maize
85,32,38,28.63,67.81,6.71,596.94,Maharashtra,Kharif,canal,medium,maize
87,39,41,27.59,69.94,6.74,713.39,Maharashtra,Kharif,canal,medium,maize
81,46,36,26.19,71.24,6.56,574.44,Maharashtra,Kharif,canal,medium,maize
82,47,29,26.65,64.07,6.65,648.86,Maharashtra,Kharif,canal,medium,maize
93,40,45,28.43,66.61,6.59,703.29,Maharashtra,Kharif,canal,medium,maize
90,34,41,26.12,64.89,6.49,628.07,Maharashtra,Kharif,canal,medium,maize
95,38,46,26.7,62.16,6.76,585.91,Maharashtra,Kharif,canal,medium,maize
90,39,44,28.65,59.85,6.56,584.29,Maharashtra,Kharif,canal,medium,maize
103,38,33,29.86,63.72,6.21,588.12,Maharashtra,Kharif,canal,medium,maize
86,40,36,25.77,66.7,7.1,700.0,Maharashtra,Kharif,canal,medium,maize
80,39,44,29.02,62.27,7.03,651.54,Maharashtra,Kharif,canal,medium,maize
71,31,47,28.68,64.32,6.64,541.32,Maharashtra,Kharif,canal,medium,maize
91,40,32,26.81,61.17,6.87,593.79,Maharashtra,Kharif,canal,medium,maize
88,37,28,27.99,70.53,6.54,695.58,Maharashtra,Kharif,canal,medium,maize
89,42,49,27.13,65.13,6.83,642.75,Maharashtra,Kharif,canal,medium,maize
76,46,43,23.71,63.88,6.93,557.71,Maharashtra,Kharif,canal,medium,maize
79,53,38,28.12,72.25,6.43,694.98,Maharashtra,Kharif,canal,medium,maize
102,42,52,25.54,73.39,6.71,650.44,Maharashtra,Kharif,canal,medium,maize
90,39,40,27.23,59.57,6.46,729.2,Maharashtra,Kharif,canal,medium,maize
93,42,41,27.1,70.17,6.27,636.79,Maharashtra,Kharif,canal,medium,maize
84,41,29,24.61,66.44,7.0,643.57,Maharashtra,Kharif,canal,medium,maize
79,43,38,27.82,65.65,6.37,781.54,Maharashtra,Kharif,canal,medium,maize
95,35,42,26.01,68.87,6.44,740.39,Maharashtra,Kharif,canal,medium,maize
95,35,40,28.32,62.66,6.5,724.63,Maharashtra,Kharif,canal,medium,maize
84,32,38,29.12,74.41,6.51,606.5,Maharashtra,Kharif,canal,medium,maize
81,49,44,28.7,70.33,6.3,603.84,Maharashtra,Kharif,canal,medium,maize
79,37,37,25.66,68.96,6.74,766.48,Maharashtra,Kharif,canal,medium,maize
87,37,41,24.23,57.64,6.89,751.37,Maharashtra,Kharif,canal,medium,maize
86,38,33,28.25,68.39,6.79,674.64,Maharashtra,Kharif,canal,medium,maize
81,34,41,25.69,64.87,7.22,671.39,Maharashtra,Kharif,canal,medium,maize
65,37,35,26.29,61.04,6.83,652.8,Maharashtra,Kharif,canal,medium,maize
81,41,40,26.3,65.64,6.69,700.74,Maharashtra,Kharif,canal,medium,maize
87,46,37,26.86,75.88,6.69,674.84,Maharashtra,Kharif,canal,medium,maize
74,36,39,27.3,68.99,6.8,735.31,Maharashtra,Kharif,canal,medium,maize
77,42,40,26.69,65.11,6.41,583.86,Maharashtra,Kharif,canal,medium,maize
88,42,39,26.48,63.74,6.85,679.55,Maharashtra,Kharif,canal,medium,maize
82,44,43,24.2,66.69,6.41,685.46,Maharashtra,Kharif,canal,medium,maize
60,41,44,26.33,62.04,7.29,761.7,Maharashtra,Kharif,canal,medium,maize
81,39,30,27.21,61.25,6.9,751.95,Maharashtra,Kharif,canal,medium,maize
84,35,46,26.5,66.86,6.42,689.48,Maharashtra,Kharif,canal,medium,maize
83,33,47,29.14,70.4,6.96,807.38,Maharashtra,Kharif,canal,medium,maize
76,35,38,26.95,65.38,6.39,675.42,Maharashtra,Kharif,canal,medium,maize
84,44,40,23.64,67.98,7.17,677.17,Maharashtra,Kharif,canal,medium,maize
93,37,43,25.38,65.56,6.63,710.75,Maharashtra,Kharif,canal,medium,maize
78,33,42,27.15,66.93,6.98,659.8,Maharashtra,Kharif,canal,medium,maize
87,38,39,27.01,75.19,6.92,716.15,Maharashtra,Kharif,canal,medium,maize
91,28,42,27.87,66.82,6.69,604.5,Maharashtra,Kharif,canal,medium,maize
81,36,45,28.75,73.92,6.45,624.87,Maharashtra,Kharif,canal,medium,maize
79,35,35,21.73,55.5,6.48,255.1,Maharashtra,Rabi,canal,medium,maize
96,41,46,20.46,49.77,6.76,227.44,Maharashtra,Rabi,canal,medium,maize
97,35,37,22.37,49.93,6.39,204.11,Maharashtra,Rabi,canal,medium,maize
83,47,35,23.72,57.09,6.55,228.66,Maharashtra,Rabi,canal,medium,maize
90,42,40,21.48,54.65,6.59,220.96,Maharashtra,Rabi,canal,medium,maize
86,44,50,21.39,52.21,6.25,269.38,Maharashtra,Rabi,canal,medium,maize
85,39,40,22.65,49.07,7.06,241.49,Maharashtra,Rabi,canal,medium,maize
92,37,36,22.33,55.2,6.85,194.08,Maharashtra,Rabi,canal,medium,maize
91,35,37,22.74,47.31,6.41,271.74,Maharashtra,Rabi,canal,medium,maize
96,51,42,23.47,51.38,6.59,249.06,Maharashtra,Rabi,canal,medium,maize
96,44,36,23.09,48.92,6.6,274.54,Maharashtra,Rabi,canal,medium,maize
75,51,43,21.8,52.27,6.49,201.77,Maharashtra,Rabi,canal,medium,maize
86,38,35,22.17,46.74,6.32,177.26,Maharashtra,Rabi,canal,medium,maize
99,42,43,22.52,54.03,7.05,233.59,Maharashtra,Rabi,canal,medium,maize
99,40,43,23.56,48.27,6.71,158.62,Maharashtra,Rabi,canal,medium,maize
84,39,38,21.89,54.05,6.43,282.0,Maharashtra,Rabi,canal,medium,maize
90,36,43,23.99,53.48,6.4,294.58,Maharashtra,Rabi,canal,medium,maize
90,34,41,22.17,52.03,6.34,221.81,Maharashtra,Rabi,canal,medium,maize
78,38,42,21.79,50.84,6.95,190.38,Maharashtra,Rabi,canal,medium,maize
80,34,36,22.69,54.56,6.46,240.33,Maharashtra,Rabi,canal,medium,maize
86,33,41,24.29,44.43,7.3,199.65,Maharashtra,Rabi,canal,medium,maize
71,41,44,22.08,53.25,7.34,226.86,Maharashtra,Rabi,canal,medium,maize
110,46,40,22.94,50.72,6.77,238.72,Maharashtra,Rabi,canal,medium,maize
82,33,47,23.96,46.33,6.75,254.24,Maharashtra,Rabi,canal,medium,maize
93,37,45,22.52,53.55,6.42,120.0,Maharashtra,Rabi,canal,medium,maize
79,43,39,23.48,56.42,6.6,205.7,Maharashtra,Rabi,canal,medium,maize
67,32,33,23.33,50.72,6.54,198.38,Maharashtra,Rabi,canal,medium,maize
79,45,40,23.99,43.23,6.86,203.87,Maharashtra,Rabi,canal,medium,maize
83,47,38,23.24,47.93,6.71,166.96,Maharashtra,Rabi,canal,medium,maize
85,42,46,21.27,49.88,6.51,211.53,Maharashtra,Rabi,canal,medium,maize
77,29,35,22.43,51.41,6.87,248.07,Maharashtra,Rabi,canal,medium,maize
81,32,42,22.49,50.97,7.07,235.02,Maharashtra,Rabi,canal,medium,maize
86,41,44,21.47,48.48,6.63,180.74,Maharashtra,Rabi,canal,medium,maize
85,40,40,21.96,58.61,6.98,216.76,Maharashtra,Rabi,canal,medium,maize
86,47,37,21.05,52.91,6.82,236.28,Maharashtra,Rabi,canal,medium,maize
92,36,33,21.62,54.33,6.42,155.54,Maharashtra,Rabi,canal,medium,maize
86,37,31,22.61,50.45,7.2,222.96,Maharashtra,Rabi,canal,medium,maize
90,40,37,21.77,56.32,6.92,170.38,Maharashtra,Rabi,canal,medium,maize
75,34,45,19.9,55.15,6.82,224.89,Maharashtra,Rabi,canal,medium,maize
81,46,41,20.33,47.15,6.21,260.01,Maharashtra,Rabi,canal,medium,maize
97,45,39,20.36,47.78,6.4,218.48,Maharashtra,Rabi,canal,medium,maize
97,47,38,19.15,47.33,7.06,227.72,Maharashtra,Rabi,canal,medium,maize
82,38,36,20.69,60.29,7.22,192.6,Maharashtra,Rabi,canal,medium,maize
70,41,39,23.44,55.42,6.35,262.67,Maharashtra,Rabi,canal,medium,maize
82,43,39,23.88,42.55,6.92,192.27,Maharashtra,Rabi,canal,medium,maize
86,46,36,21.06,50.51,6.57,184.99,Maharashtra,Rabi,canal,medium,maize
86,41,42,21.27,48.22,6.66,211.83,Maharashtra,Rabi,canal,medium,maize
83,36,42,21.09,51.51,6.61,218.88,Maharashtra,Rabi,canal,medium,maize
95,33,28,21.61,47.39,5.8,278.21,Maharashtra,Rabi,canal,medium,maize
90,43,39,23.13,50.31,6.94,226.3,Maharashtra,Rabi,canal,medium,maize
85,40,47,22.75,47.88,6.8,236.3,Maharashtra,Rabi,canal,medium,maize
84,40,35,22.65,47.14,6.62,197.69,Maharashtra,Rabi,canal,medium,maize
93,48,34,22.49,50.76,6.84,223.21,Maharashtra,Rabi,canal,medium,maize
82,40,39,24.88,48.83,6.78,236.99,Maharashtra,Rabi,canal,medium,maize
89,39,47,19.37,47.62,6.9,190.66,Maharashtra,Rabi,canal,medium,maize
77,38,36,23.46,55.62,6.73,255.15,Maharashtra,Rabi,canal,medium,maize
73,40,47,23.97,57.75,6.52,250.57,Maharashtra,Rabi,canal,medium,maize
81,43,47,21.31,44.58,7.25,236.27,Maharashtra,Rabi,canal,medium,maize
84,39,30,22.81,49.88,6.72,221.01,Maharashtra,Rabi,canal,medium,maize
60,42,41,22.98,51.27,6.71,225.76,Maharashtra,Rabi,canal,medium,maize
87,42,41,25.27,49.1,6.59,276.43,Maharashtra,Rabi,canal,medium,maize
84,45,41,22.16,55.94,6.86,168.87,Maharashtra,Rabi,canal,medium,maize
86,35,46,25.13,59.5,6.81,204.61,Maharashtra,Rabi,canal,medium,maize
88,35,52,24.29,53.22,7.0,203.61,Maharashtra,Rabi,canal,medium,maize
76,29,40,22.19,54.08,6.7,235.8,Maharashtra,Rabi,canal,medium,maize
92,33,44,21.89,54.07,7.01,254.3,Maharashtra,Rabi,canal,medium,maize
86,41,44,20.25,48.19,6.62,175.57,Maharashtra,Rabi,canal,medium,maize
83,38,40,22.41,56.28,6.87,217.63,Maharashtra,Rabi,canal,medium,maize
82,40,40,26.28,46.17,6.42,184.24,Maharashtra,Rabi,canal,medium,maize
87,41,37,23.84,53.48,6.98,260.12,Maharashtra,Rabi,canal,medium,maize
67,43,34,22.87,51.71,6.69,179.85,Maharashtra,Rabi,canal,medium,maize
94,34,44,20.35,51.93,7.24,298.72,Maharashtra,Rabi,canal,medium,maize
72,36,37,25.88,51.73,7.02,229.99,Maharashtra,Rabi,canal,medium,maize
75,31,37,25.98,53.03,7.02,172.73,Maharashtra,Rabi,canal,medium,maize
82,44,35,22.4,48.48,6.95,233.28,Maharashtra,Rabi,canal,medium,maize
91,44,39,24.0,49.64,6.89,154.3,Maharashtra,Rabi,canal,medium,maize
79,52,43,23.42,48.7,6.37,211.19,Maharashtra,Rabi,canal,medium,maize
84,50,45,22.66,52.26,6.93,176.04,Maharashtra,Rabi,canal,medium,maize
69,44,40,20.53,43.62,6.97,202.61,Maharashtra,Rabi,canal,medium,maize
88,39,40,21.61,51.69,6.87,210.81,Maharashtra,Rabi,canal,medium,maize
82,43,43,20.79,51.88,6.54,220.46,Maharashtra,Rabi,canal,medium,maize
97,42,51,22.83,51.33,6.69,224.75,Maharashtra,Rabi,canal,medium,maize
88,35,39,21.41,56.12,6.12,225.23,Maharashtra,Rabi,canal,medium,maize
72,42,38,19.77,55.77,5.95,218.95,Maharashtra,Rabi,canal,medium,maize
91,47,32,21.73,56.33,7.05,262.69,Maharashtra,Rabi,canal,medium,maize
106,37,42,21.98,44.1,6.67,153.52,Maharashtra,Rabi,canal,medium,maize
81,33,42,21.33,44.86,6.96,199.87,Maharashtra,Rabi,canal,medium,maize
81,35,46,22.91,49.55,6.13,303.69,Maharashtra,Rabi,canal,medium,maize
101,47,36,21.75,53.6,6.43,187.02,Maharashtra,Rabi,canal,medium,maize
97,40,34,23.93,49.7,6.11,182.17,Maharashtra,Rabi,canal,medium,maize
81,41,41,24.34,51.05,6.56,261.5,Maharashtra,Rabi,canal,medium,maize
93,39,41,21.79,47.35,7.36,201.94,Maharashtra,Rabi,canal,medium,maize
87,32,44,20.69,58.71,7.24,238.85,Maharashtra,Rabi,canal,medium,maize
86,39,40,23.11,52.36,6.99,189.39,Maharashtra,Rabi,canal,medium,maize
98,38,36,23.04,53.71,6.18,203.96,Maharashtra,Rabi,canal,medium,maize
67,37,37,22.95,48.85,6.53,263.46,Maharashtra,Rabi,canal,medium,maize
102,35,45,23.08,45.04,6.46,120.0,Maharashtra,Rabi,canal,medium,maize
88,35,41,26.36,58.37,6.47,186.37,Maharashtra,Rabi,canal,medium,maize
96,35,45,26.6,54.7,7.06,255.6,Maharashtra,Rabi,canal,medium,maize
80,41,35,24.43,47.66,6.91,257.72,Maharashtra,Rabi,canal,medium,maize
81,36,39,21.16,52.63,6.42,191.85,Maharashtra,Rabi,canal,medium,maize
90,43,39,20.03,56.68,6.57,288.74,Maharashtra,Rabi,canal,medium,maize
84,41,38,22.87,64.0,6.6,262.54,Maharashtra,Rabi,canal,medium,maize
86,46,30,25.42,53.36,6.62,250.11,Maharashtra,Rabi,canal,medium,maize
86,34,28,25.24,51.11,6.52,202.16,Maharashtra,Rabi,canal,medium,maize
97,38,43,22.0,46.98,6.97,256.77,Maharashtra,Rabi,canal,medium,maize
79,40,40,23.17,59.89,6.6,209.0,Maharashtra,Rabi,canal,medium,maize
84,35,31,22.7,54.11,6.7,217.91,Maharashtra,Rabi,canal,medium,maize
78,41,41,23.21,53.29,6.82,263.96,Maharashtra,Rabi,canal,medium,maize
90,42,31,24.08,50.81,6.72,177.57,Maharashtra,Rabi,canal,medium,maize
102,28,47,23.14,44.38,7.31,237.13,Maharashtra,Rabi,canal,medium,maize
65,38,43,25.07,50.36,5.91,268.63,Maharashtra,Rabi,canal,medium,maize
89,29,42,23.17,50.7,6.45,199.68,Maharashtra,Rabi,canal,medium,maize
82,42,44,19.28,53.02,6.85,225.64,Maharashtra,Rabi,canal,medium,maize
82,47,47,21.95,51.67,6.93,262.75,Maharashtra,Rabi,canal,medium,maize
78,35,41,20.81,44.22,6.45,233.91,Maharashtra,Rabi,canal,medium,maize
98,36,39,22.73,49.41,6.48,231.17,Maharashtra,Rabi,canal,medium,maize
75,36,39,22.98,45.94,6.66,176.97,Maharashtra,Rabi,canal,medium,maize
79,44,40,25.0,51.71,6.99,246.49,Maharashtra,Rabi,canal,medium,maize
85,33,39,21.7,49.71,6.75,171.68,Maharashtra,Rabi,canal,medium,maize
78,35,39,21.35,49.19,6.74,205.14,Maharashtra,Rabi,canal,medium,maize
85,34,36,25.56,49.21,6.07,231.4,Maharashtra,Rabi,canal,medium,maize
79,41,40,23.32,51.6,6.63,258.26,Maharashtra,Rabi,canal,medium,maize
67,33,36,19.96,50.08,6.53,252.49,Maharashtra,Rabi,canal,medium,maize
84,39,38,20.92,55.56,7.06,179.59,Maharashtra,Rabi,canal,medium,maize
99,37,36,23.21,54.25,6.68,208.46,Maharashtra,Rabi,canal,medium,maize
95,37,40,25.04,46.65,6.56,254.17,Maharashtra,Rabi,canal,medium,maize
89,44,33,22.98,50.86,7.38,246.98,Maharashtra,Rabi,canal,medium,maize
85,41,40,23.55,48.57,7.11,175.84,Maharashtra,Rabi,canal,medium,maize
87,36,40,23.98,45.15,6.65,172.01,Maharashtra,Rabi,canal,medium,maize
83,33,41,21.86,54.99,7.07,220.35,Maharashtra,Rabi,canal,medium,maize
92,47,35,24.65,51.85,6.41,229.95,Maharashtra,Rabi,canal,medium,maize
84,33,34,24.96,53.11,7.14,206.11,Maharashtra,Rabi,canal,medium,maize
78,32,45,23.12,50.37,6.46,257.56,Maharashtra,Rabi,canal,medium,maize
84,39,37,21.89,54.2,6.28,222.69,Maharashtra,Rabi,canal,medium,maize
93,40,45,24.51,55.61,6.54,218.82,Maharashtra,Rabi,canal,medium,maize
88,38,37,21.66,62.17,6.62,255.62,Maharashtra,Rabi,canal,medium,maize
78,49,38,22.58,44.67,7.03,264.44,Maharashtra,Rabi,canal,medium,maize
75,46,33,23.45,50.85,7.1,228.31,Maharashtra,Rabi,canal,medium,maize
93,46,39,22.46,47.56,6.61,284.24,Maharashtra,Rabi,canal,medium,maize
91,35,48,23.08,55.32,6.85,233.99,Maharashtra,Rabi,canal,medium,maize
68,46,29,24.02,52.4,6.95,225.28,Maharashtra,Rabi,canal,medium,maize
94,40,41,23.11,59.51,6.88,176.1,Maharashtra,Rabi,canal,medium,maize
80,43,46,21.42,60.96,6.75,234.02,Maharashtra,Rabi,canal,medium,maize
75,46,38,21.38,50.73,7.11,235.52,Maharashtra,Rabi,canal,medium,maize
78,37,47,22.15,54.24,6.94,120.0,Maharashtra,Rabi,canal,medium,maize
96,36,38,24.81,57.79,6.85,244.28,Maharashtra,Rabi,canal,medium,maize
93,47,48,22.66,49.05,6.62,224.24,Maharashtra,Rabi,canal,medium,maize
85,35,42,20.15,52.34,6.74,223.84,Maharashtra,Rabi,canal,medium,maize
92,44,51,21.72,53.12,6.76,225.61,Maharashtra,Rabi,canal,medium,maize
74,34,40,20.14,50.66,6.51,210.07,Maharashtra,Rabi,canal,medium,maize
94,35,44,21.64,50.21,6.84,210.86,Maharashtra,Rabi,canal,medium,maize
78,38,31,23.07,40.0,6.97,240.51,Maharashtra,Rabi,canal,medium,maize
98,51,45,21.56,60.69,6.34,156.58,Maharashtra,Rabi,canal,medium,maize
100,43,31,20.47,54.21,6.44,195.8,Maharashtra,Rabi,canal,medium,maize
101,51,41,22.27,55.61,6.53,145.65,Maharashtra,Rabi,canal,medium,maize
62,40,44,22.52,55.24,6.97,266.2,Maharashtra,Rabi,canal,medium,maize
87,41,40,22.11,45.71,7.05,207.21,Maharashtra,Rabi,canal,medium,maize
81,37,33,22.37,54.07,6.49,254.59,Maharashtra,Rabi,canal,medium,maize
82,32,47,22.8,55.45,6.97,188.46,Maharashtra,Rabi,canal,medium,maize
81,45,49,22.59,49.49,7.2,199.11,Maharashtra,Rabi,canal,medium,maize
88,38,41,21.08,50.5,6.51,242.07,Maharashtra,Rabi,canal,medium,maize
86,44,36,22.19,54.5,6.96,171.81,Maharashtra,Rabi,canal,medium,maize
88,36,45,25.29,41.55,6.5,228.79,Maharashtra,Rabi,canal,medium,maize
85,45,40,21.71,47.92,6.34,195.24,Maharashtra,Rabi,canal,medium,maize
80,42,39,21.52,47.96,6.49,201.2,Maharashtra,Rabi,canal,medium,maize
79,43,47,20.74,56.48,6.91,226.0,Maharashtra,Rabi,canal,medium,maize
98,39,42,22.69,52.2,6.84,221.55,Maharashtra,Rabi,canal,medium,maize
89,37,37,21.49,50.54,7.0,204.59,Maharashtra,Rabi,canal,medium,maize
90,41,38,24.46,54.94,6.7,217.3,Maharashtra,Rabi,canal,medium,maize
86,32,36,23.19,45.67,6.48,206.92,Maharashtra,Rabi,canal,medium,maize
109,43,45,21.29,53.45,6.17,208.98,Maharashtra,Rabi,canal,medium,maize
89,33,42,23.21,49.59,6.45,196.16,Maharashtra,Rabi,canal,medium,maize
82,38,43,21.7,58.41,7.18,227.87,Maharashtra,Rabi,canal,medium,maize
82,37,42,23.24,51.2,6.58,231.76,Maharashtra,Rabi,canal,medium,maize
86,37,41,21.59,48.99,6.7,200.84,Maharashtra,Rabi,canal,medium,maize
79,45,38,25.27,54.51,6.45,258.66,Maharashtra,Rabi,canal,medium,maize
79,50,41,23.31,52.12,6.78,212.36,Maharashtra,Rabi,canal,medium,maize
77,42,45,20.71,58.16,6.88,205.44,Maharashtra,Rabi,canal,medium,maize
81,49,45,24.21,51.0,6.87,231.65,Maharashtra,Rabi,canal,medium,maize
84,41,46,24.9,50.99,6.31,274.79,Maharashtra,Rabi,canal,medium,maize
99,42,49,22.99,48.36,6.31,175.94,Maharashtra,Rabi,canal,medium,maize
85,38,37,22.34,55.43,6.54,196.15,Maharashtra,Rabi,canal,medium,maize
81,45,40,22.92,58.21,7.55,241.35,Maharashtra,Rabi,canal,medium,maize
90,34,42,22.59,55.57,6.58,226.69,Maharashtra,Rabi,canal,medium,maize
90,49,48,24.4,54.91,6.57,244.22,Maharashtra,Rabi,canal,medium,maize
79,39,49,23.31,52.91,6.81,216.87,Maharashtra,Rabi,canal,medium,maize
67,34,43,21.12,51.57,6.33,196.05,Maharashtra,Rabi,canal,medium,maize
85,45,46,21.4,53.23,6.27,221.88,Maharashtra,Rabi,canal,medium,maize
93,40,47,23.76,52.97,6.63,202.19,Maharashtra,Rabi,canal,medium,maize
73,34,45,24.77,47.68,6.72,167.52,Maharashtra,Rabi,canal,medium,maize
77,41,37,19.63,58.88,6.69,183.19,Maharashtra,Rabi,canal,medium,maize
86,40,42,21.99,53.26,6.98,176.06,Maharashtra,Rabi,canal,medium,maize
79,44,37,22.38,50.12,6.58,203.57,Maharashtra,Rabi,canal,medium,maize
75,42,45,22.24,55.8,6.55,201.66,Maharashtra,Rabi,canal,medium,maize
88,42,39,23.51,46.85,6.61,252.16,Maharashtra,Rabi,canal,medium,maize
93,44,45,21.94,45.18,6.62,241.2,Maharashtra,Rabi,canal,medium,maize
92,37,35,21.2,49.83,6.13,202.43,Maharashtra,Rabi,canal,medium,maize
85,40,38,21.47,49.71,6.53,243.52,Maharashtra,Rabi,canal,medium,maize
85,55,38,23.16,50.76,6.6,272.08,Maharashtra,Rabi,canal,medium,maize
93,31,35,22.3,49.93,6.25,223.86,Maharashtra,Rabi,canal,medium,maize
69,41,44,23.81,51.42,7.15,231.05,Maharashtra,Rabi,canal,medium,maize
92,36,48,22.5,58.31,7.11,228.59,Maharashtra,Rabi,canal,medium,maize
88,39,36,23.39,54.18,6.21,217.24,Maharashtra,Rabi,canal,medium,maize
92,47,44,20.22,47.78,6.6,266.63,Maharashtra,Rabi,canal,medium,maize
80,45,37,23.3,48.24,6.64,182.28,Maharashtra,Rabi,canal,medium,maize
97,37,32,20.06,51.66,6.56,241.62,Maharashtra,Rabi,canal,medium,maize
83,46,38,24.04,48.19,6.25,192.56,Maharashtra,Rabi,canal,medium,maize
76,34,42,22.1,52.57,6.86,163.81,Maharashtra,Rabi,canal,medium,maize
90,34,37,19.66,54.62,6.19,180.0,Maharashtra,Rabi,canal,medium,maize
76,39,39,23.72,51.58,6.99,232.64,Maharashtra,Rabi,canal,medium,maize
77,37,48,24.34,55.3,6.99,235.5,Maharashtra,Rabi,canal,medium,maize
88,40,48,21.8,52.96,6.19,172.31,Maharashtra,Rabi,canal,medium,maize
100,43,39,22.62,46.57,6.57,171.4,Maharashtra,Rabi,canal,medium,maize
83,43,42,24.88,53.18,5.96,285.02,Maharashtra,Rabi,canal,medium,maize
78,41,41,22.86,52.19,6.72,175.95,Maharashtra,Rabi,canal,medium,maize
107,43,40,25.26,47.71,6.96,201.49,Maharashtra,Rabi,canal,medium,maize
88,42,28,20.35,58.35,6.62,286.72,Maharashtra,Rabi,canal,medium,maize
96,39,38,24.97,60.41,6.61,271.27,Maharashtra,Rabi,canal,medium,maize
94,46,41,21.49,47.78,6.31,283.7,Maharashtra,Rabi,canal,medium,maize
85,34,45,21.78,49.4,7.32,175.64,Maharashtra,Rabi,canal,medium,maize
87,37,36,20.3,52.24,6.44,239.71,Maharashtra,Rabi,canal,medium,maize
85,38,36,24.65,54.94,6.5,174.69,Maharashtra,Rabi,canal,medium,maize
69,46,45,24.07,51.52,6.94,254.24,Maharashtra,Rabi,canal,medium,maize
84,38,35,23.14,54.24,6.58,210.38,Maharashtra,Rabi,canal,medium,maize
83,44,33,20.84,47.66,6.66,230.51,Maharashtra,Rabi,canal,medium,maize
76,45,47,23.12,56.49,6.43,190.29,Maharashtra,Rabi,canal,medium,maize
89,40,36,24.64,53.2,6.91,197.52,Maharashtra,Rabi,canal,medium,maize
99,39,45,21.63,52.67,6.87,286.51,Maharashtra,Rabi,canal,medium,maize
81,41,43,20.38,43.3,6.4,252.24,Maharashtra,Rabi,canal,medium,maize
99,35,34,24.8,49.74,6.59,268.64,Maharashtra,Rabi,canal,medium,maize
96,45,31,20.61,56.48,6.8,194.08,Maharashtra,Rabi,canal,medium,maize
82,46,48,22.49,49.25,6.62,264.77,Maharashtra,Rabi,canal,medium,maize
96,41,37,24.12,58.49,6.26,212.25,Maharashtra,Rabi,canal,medium,maize
95,40,38,22.78,53.48,6.36,223.03,Maharashtra,Rabi,canal,medium,maize
88,38,36,21.69,48.12,6.96,187.21,Maharashtra,Rabi,canal,medium,maize
87,38,36,24.56,51.48,6.5,194.5,Maharashtra,Rabi,canal,medium,maize
88,44,46,22.25,51.09,6.74,225.57,Maharashtra,Rabi,canal,medium,maize
79,47,40,23.3,53.7,6.82,186.53,Maharashtra,Rabi,canal,medium,maize
85,51,48,22.74,50.53,6.03,203.42,Maharashtra,Rabi,canal,medium,maize
84,38,39,23.43,48.0,6.78,216.32,Maharashtra,Rabi,canal,medium,maize
78,48,44,21.32,54.07,6.28,197.88,Maharashtra,Rabi,canal,medium,maize
96,42,41,23.98,54.45,6.62,251.21,Maharashtra,Rabi,canal,medium,maize
71,37,40,23.32,50.7,6.16,155.85,Maharashtra,Rabi,canal,medium,maize
84,38,35,20.88,52.54,7.09,224.46,Maharashtra,Rabi,canal,medium,maize
96,38,42,24.53,51.37,6.71,207.52,Maharashtra,Rabi,canal,medium,maize
90,45,42,22.16,46.0,6.69,213.6,Maharashtra,Rabi,canal,medium,maize
87,41,48,21.46,45.7,6.36,198.88,Maharashtra,Rabi,canal,medium,maize
94,34,34,23.12,55.4,6.24,160.93,Maharashtra,Rabi,canal,medium,maize
78,43,41,21.38,54.96,6.74,216.41,Maharashtra,Rabi,canal,medium,maize
72,36,50,22.0,48.17,6.59,223.97,Maharashtra,Rabi,canal,medium,maize
92,43,37,24.41,55.26,6.57,215.73,Maharashtra,Rabi,canal,medium,maize
90,45,32,22.61,51.88,6.53,200.81,Maharashtra,Rabi,canal,medium,maize
94,43,51,21.65,52.55,6.79,249.87,Maharashtra,Rabi,canal,medium,maize
96,40,35,21.43,52.57,7.04,171.79,Maharashtra,Rabi,canal,medium,maize
75,44,34,20.81,56.55,6.63,210.07,Maharashtra,Rabi,canal,medium,maize
96,35,34,24.94,52.93,6.9,209.63,Maharashtra,Rabi,canal,medium,maize
84,36,42,23.75,52.78,7.02,242.08,Maharashtra,Rabi,canal,medium,maize
76,39,38,23.63,53.85,6.74,253.79,Maharashtra,Rabi,canal,medium,maize
69,37,37,22.88,54.21,6.7,176.17,Maharashtra,Rabi,canal,medium,maize
88,41,33,22.06,53.5,7.2,183.7,Maharashtra,Rabi,canal,medium,maize
92,35,34,20.68,54.42,6.74,209.51,Maharashtra,Rabi,canal,medium,maize
89,40,41,22.04,47.89,7.21,266.68,Maharashtra,Rabi,canal,medium,maize
98,37,37,21.88,56.3,6.7,201.89,Maharashtra,Rabi,canal,medium,maize
88,36,33,22.69,49.94,6.7,130.5,Maharashtra,Rabi,canal,medium,maize
78,40,32,20.28,52.16,6.91,190.28,Maharashtra,Rabi,canal,medium,maize
83,39,32,24.28,51.27,6.65,232.43,Maharashtra,Rabi,canal,medium,maize
72,45,45,22.71,53.85,6.6,248.78,Maharashtra,Rabi,canal,medium,maize
78,40,40,22.44,56.28,7.36,216.34,Maharashtra,Rabi,canal,medium,maize
89,36,45,21.72,64.0,6.2,291.58,Maharashtra,Rabi,canal,medium,maize
93,34,52,21.11,50.74,6.31,215.12,Maharashtra,Rabi,canal,medium,maize
85,44,52,21.73,40.99,6.89,201.66,Maharashtra,Rabi,canal,medium,maize
100,40,36,20.98,54.49,6.62,268.92,Maharashtra,Rabi,canal,medium,maize
83,47,33,19.89,55.32,6.56,211.21,Maharashtra,Rabi,canal,medium,maize
77,35,43,22.47,47.76,6.94,259.16,Maharashtra,Rabi,canal,medium,maize
84,45,35,23.37,52.65,6.46,288.44,Maharashtra,Rabi,canal,medium,maize
87,37,40,21.2,47.37,6.57,207.28,Maharashtra,Rabi,canal,medium,maize
78,46,36,21.1,47.26,6.32,254.25,Maharashtra,Rabi,canal,medium,maize
87,43,45,22.0,57.89,6.51,183.48,Maharashtra,Rabi,canal,medium,maize
88,41,41,24.02,52.42,6.79,265.32,Maharashtra,Rabi,canal,medium,maize
87,42,33,27.0,45.64,6.54,201.01,Maharashtra,Rabi,canal,medium,maize
103,37,42,21.66,47.84,6.87,196.03,Maharashtra,Rabi,canal,medium,maize
87,43,50,20.61,51.39,6.67,220.03,Maharashtra,Rabi,canal,medium,maize
106,39,27,22.2,51.53,6.63,196.05,Maharashtra,Rabi,canal,medium,maize
74,51,42,22.21,60.51,6.44,240.08,Maharashtra,Rabi,canal,medium,maize
75,44,34,23.21,59.81,6.73,146.91,Maharashtra,Rabi,canal,medium,maize
85,42,45,24.71,58.1,6.66,198.02,Maharashtra,Rabi,canal,medium,maize
76,37,42,20.48,48.29,6.87,198.45,Maharashtra,Rabi,canal,medium,maize
88,36,41,21.34,44.39,6.99,196.8,Maharashtra,Rabi,canal,medium,maize
83,37,43,23.0,54.17,6.54,218.34,Maharashtra,Rabi,canal,medium,maize
88,48,42,20.99,53.07,6.65,153.38,Maharashtra,Rabi,canal,medium,maize
70,40,40,22.06,55.54,6.42,173.79,Maharashtra,Rabi,canal,medium,maize
78,37,40,21.3,43.43,5.93,224.11,Maharashtra,Rabi,canal,medium,maize
76,30,43,24.82,51.62,6.78,229.23,Maharashtra,Rabi,canal,medium,maize
66,44,46,25.26,50.25,6.36,265.29,Maharashtra,Rabi,canal,medium,maize
89,44,37,22.91,47.79,6.7,208.4,Maharashtra,Rabi,canal,medium,maize
105,43,29,22.5,53.47,6.56,183.24,Maharashtra,Rabi,canal,medium,maize
91,35,43,20.93,49.86,6.99,236.31,Maharashtra,Rabi,canal,medium,maize
85,40,40,21.31,45.93,6.87,271.0,Maharashtra,Rabi,canal,medium,maize
90,41,34,23.82,53.93,6.93,254.46,Maharashtra,Rabi,canal,medium,maize
103,40,58,22.89,55.71,6.36,140.96,Maharashtra,Rabi,drip,medium,onion
95,45,58,26.45,56.06,6.89,120.1,Maharashtra,Rabi,drip,medium,onion
101,35,58,21.77,60.56,7.12,101.33,Maharashtra,Rabi,drip,medium,onion
80,41,53,22.51,56.41,6.57,142.17,Maharashtra,Rabi,drip,medium,onion
84,42,49,22.3,62.05,7.05,113.4,Maharashtra,Rabi,drip,medium,onion
84,44,44,25.42,58.45,6.65,135.23,Maharashtra,Rabi,drip,medium,onion
105,29,58,24.99,56.93,6.78,137.96,Maharashtra,Rabi,drip,medium,onion
99,36,52,22.83,60.26,7.51,119.1,Maharashtra,Rabi,drip,medium,onion
93,36,50,21.21,52.9,7.12,142.72,Maharashtra,Rabi,drip,medium,onion
93,36,52,21.07,57.91,6.89,123.25,Maharashtra,Rabi,drip,medium,onion
86,38,57,23.34,52.64,6.99,146.77,Maharashtra,Rabi,drip,medium,onion
94,48,53,23.72,59.56,7.03,130.17,Maharashtra,Rabi,drip,medium,onion
87,45,58,25.12,59.39,6.36,138.56,Maharashtra,Rabi,drip,medium,onion
93,46,59,24.02,51.09,6.58,127.11,Maharashtra,Rabi,drip,medium,onion
89,41,61,24.3,54.94,6.58,115.09,Maharashtra,Rabi,drip,medium,onion
91,44,58,22.37,57.9,7.25,102.83,Maharashtra,Rabi,drip,medium,onion
98,43,51,22.97,59.4,6.72,121.19,Maharashtra,Rabi,drip,medium,onion
86,49,50,23.34,60.62,6.74,135.78,Maharashtra,Rabi,drip,medium,onion
97,36,44,21.78,63.76,6.65,137.83,Maharashtra,Rabi,drip,medium,onion
80,47,51,22.24,57.56,7.47,144.57,Maharashtra,Rabi,drip,medium,onion
91,26,60,21.84,55.16,6.6,166.74,Maharashtra,Rabi,drip,medium,onion
92,32,51,21.61,59.2,6.7,101.0,Maharashtra,Rabi,drip,medium,onion
92,40,45,19.73,58.94,6.73,130.34,Maharashtra,Rabi,drip,medium,onion
99,30,53,24.1,57.39,6.42,120.68,Maharashtra,Rabi,drip,medium,onion
88,32,55,23.01,55.86,7.06,123.69,Maharashtra,Rabi,drip,medium,onion
106,39,47,21.46,58.3,6.51,138.13,Maharashtra,Rabi,drip,medium,onion
89,38,52,24.67,56.19,6.85,144.63,Maharashtra,Rabi,drip,medium,onion
81,43,57,24.61,54.3,6.52,133.82,Maharashtra,Rabi,drip,medium,onion
91,40,50,23.31,49.49,6.98,166.89,Maharashtra,Rabi,drip,medium,onion
87,41,62,23.06,59.02,7.29,179.12,Maharashtra,Rabi,drip,medium,onion
83,38,58,23.83,60.35,6.1,92.67,Maharashtra,Rabi,drip,medium,onion
109,44,55,20.93,56.62,6.95,105.03,Maharashtra,Rabi,drip,medium,onion
86,42,56,22.13,61.27,7.05,96.16,Maharashtra,Rabi,drip,medium,onion
108,46,54,22.77,60.63,6.94,129.12,Maharashtra,Rabi,drip,medium,onion
107,29,49,23.75,57.83,6.99,104.78,Maharashtra,Rabi,drip,medium,onion
90,46,44,22.6,56.23,6.9,143.52,Maharashtra,Rabi,drip,medium,onion
93,39,53,22.73,57.89,7.19,108.95,Maharashtra,Rabi,drip,medium,onion
96,35,64,23.15,53.77,6.74,103.39,Maharashtra,Rabi,drip,medium,onion
87,43,60,24.8,57.65,6.95,152.52,Maharashtra,Rabi,drip,medium,onion
113,37,61,21.18,61.93,6.63,120.19,Maharashtra,Rabi,drip,medium,onion
90,36,55,25.04,50.96,6.75,111.46,Maharashtra,Rabi,drip,medium,onion
101,47,51,21.83,52.62,7.32,163.58,Maharashtra,Rabi,drip,medium,onion
74,43,46,22.15,53.84,6.27,134.01,Maharashtra,Rabi,drip,medium,onion
110,35,58,24.75,60.41,7.33,155.7,Maharashtra,Rabi,drip,medium,onion
109,34,57,25.52,55.43,6.0,107.54,Maharashtra,Rabi,drip,medium,onion
86,43,49,23.01,55.99,6.77,133.57,Maharashtra,Rabi,drip,medium,onion
87,44,61,21.09,58.72,6.42,97.02,Maharashtra,Rabi,drip,medium,onion
102,50,51,26.06,55.84,6.74,171.13,Maharashtra,Rabi,drip,medium,onion
84,45,50,21.8,56.3,6.22,162.32,Maharashtra,Rabi,drip,medium,onion
95,39,48,23.52,60.94,6.73,155.88,Maharashtra,Rabi,drip,medium,onion
95,40,58,22.15,53.83,6.79,135.76,Maharashtra,Rabi,drip,medium,onion
90,46,55,22.81,57.98,6.82,146.4,Maharashtra,Rabi,drip,medium,onion
93,39,45,21.82,58.92,6.85,102.82,Maharashtra,Rabi,drip,medium,onion
87,35,60,23.42,59.43,6.78,121.43,Maharashtra,Rabi,drip,medium,onion
88,42,51,23.84,58.48,6.88,142.51,Maharashtra,Rabi,drip,medium,onion
88,38,58,26.04,61.06,6.06,118.58,Maharashtra,Rabi,drip,medium,onion
94,35,46,22.3,59.15,6.96,127.04,Maharashtra,Rabi,drip,medium,onion
88,36,55,23.73,61.02,6.83,106.59,Maharashtra,Rabi,drip,medium,onion
89,44,42,22.86,58.95,7.33,121.98,Maharashtra,Rabi,drip,medium,onion
91,48,49,24.79,59.31,6.74,144.79,Maharashtra,Rabi,drip,medium,onion
91,51,40,22.53,57.16,6.76,158.41,Maharashtra,Rabi,drip,medium,onion
88,42,54,24.4,57.54,6.89,132.33,Maharashtra,Rabi,drip,medium,onion
83,48,48,22.2,55.14,6.91,124.64,Maharashtra,Rabi,drip,medium,onion
106,43,51,21.48,57.63,6.94,134.01,Maharashtra,Rabi,drip,medium,onion
91,35,66,22.66,53.42,6.51,127.54,Maharashtra,Rabi,drip,medium,onion
110,39,50,24.41,61.06,6.98,139.33,Maharashtra,Rabi,drip,medium,onion
82,36,43,22.63,56.58,6.66,141.05,Maharashtra,Rabi,drip,medium,onion
86,38,50,22.95,59.22,6.44,144.82,Maharashtra,Rabi,drip,medium,onion
95,42,53,23.6,56.61,6.92,159.8,Maharashtra,Rabi,drip,medium,onion
88,38,56,22.08,55.6,6.91,125.67,Maharashtra,Rabi,drip,medium,onion
104,38,48,22.99,59.45,6.89,146.68,Maharashtra,Rabi,drip,medium,onion
87,46,43,21.7,58.13,6.61,128.29,Maharashtra,Rabi,drip,medium,onion
84,39,55,22.11,55.07,6.68,158.92,Maharashtra,Rabi,drip,medium,onion
103,38,55,22.97,62.28,6.85,130.63,Maharashtra,Rabi,drip,medium,onion
107,35,54,25.28,60.22,6.6,117.31,Maharashtra,Rabi,drip,medium,onion
80,47,46,24.19,53.24,7.48,105.69,Maharashtra,Rabi,drip,medium,onion
93,46,48,23.94,57.06,6.9,158.42,Maharashtra,Rabi,drip,medium,onion
89,47,55,26.25,55.23,6.63,129.97,Maharashtra,Rabi,drip,medium,onion
81,45,52,21.09,55.26,6.57,155.01,Maharashtra,Rabi,drip,medium,onion
97,39,50,22.6,63.94,6.74,153.58,Maharashtra,Rabi,drip,medium,onion
89,48,45,24.35,55.47,7.39,150.11,Maharashtra,Rabi,drip,medium,onion
77,35,56,24.1,59.94,6.84,128.09,Maharashtra,Rabi,drip,medium,onion
102,36,53,21.97,55.67,6.68,119.07,Maharashtra,Rabi,drip,medium,onion
98,33,55,21.94,58.1,6.76,124.18,Maharashtra,Rabi,drip,medium,onion
104,38,57,24.19,57.09,6.46,115.89,Maharashtra,Rabi,drip,medium,onion
104,42,53,22.05,63.77,6.57,138.03,Maharashtra,Rabi,drip,medium,onion
97,33,48,22.24,60.87,6.68,103.88,Maharashtra,Rabi,drip,medium,onion
78,36,44,24.28,60.69,6.8,129.3,Maharashtra,Rabi,drip,medium,onion
99,44,47,21.59,60.36,6.87,148.18,Maharashtra,Rabi,drip,medium,onion
84,36,55,21.86,52.93,6.62,130.56,Maharashtra,Rabi,drip,medium,onion
108,36,52,26.4,54.36,6.98,119.6,Maharashtra,Rabi,drip,medium,onion
96,52,57,23.25,54.83,6.75,122.75,Maharashtra,Rabi,drip,medium,onion
79,29,48,22.95,61.73,6.6,139.15,Maharashtra,Rabi,drip,medium,onion
77,36,38,26.72,58.66,6.84,146.6,Maharashtra,Rabi,drip,medium,onion
116,38,47,26.33,53.9,7.15,133.4,Maharashtra,Rabi,drip,medium,onion
96,33,68,22.36,55.66,6.95,121.03,Maharashtra,Rabi,drip,medium,onion
96,34,53,21.99,55.39,6.55,154.19,Maharashtra,Rabi,drip,medium,onion
89,39,55,24.9,54.92,6.86,115.29,Maharashtra,Rabi,drip,medium,onion
91,45,39,21.46,57.23,6.9,161.43,Maharashtra,Rabi,drip,medium,onion
77,47,56,22.6,53.1,6.65,157.21,Maharashtra,Rabi,drip,medium,onion
93,39,47,24.22,57.5,6.74,132.94,Maharashtra,Rabi,drip,medium,onion
87,36,44,21.97,52.0,6.93,120.53,Maharashtra,Rabi,drip,medium,onion
89,40,48,21.04,58.74,7.3,154.72,Maharashtra,Rabi,drip,medium,onion
104,34,51,22.67,62.76,7.04,131.44,Maharashtra,Rabi,drip,medium,onion
72,34,56,22.47,57.63,6.96,159.52,Maharashtra,Rabi,drip,medium,onion
85,43,62,25.38,56.23,6.88,151.27,Maharashtra,Rabi,drip,medium,onion
93,39,42,21.56,55.68,6.46,137.37,Maharashtra,Rabi,drip,medium,onion
100,38,40,22.8,58.91,6.86,119.38,Maharashtra,Rabi,drip,medium,onion
81,44,55,21.86,53.0,6.86,115.55,Maharashtra,Rabi,drip,medium,onion
96,41,65,22.87,64.67,6.82,120.55,Maharashtra,Rabi,drip,medium,onion
83,36,55,23.22,51.87,7.07,167.0,Maharashtra,Rabi,drip,medium,onion
76,45,62,20.01,56.44,6.57,156.1,Maharashtra,Rabi,drip,medium,onion
89,38,55,25.6,57.79,6.67,128.84,Maharashtra,Rabi,drip,medium,onion
99,33,52,21.44,53.99,6.28,123.84,Maharashtra,Rabi,drip,medium,onion
102,30,56,21.92,54.46,6.89,163.4,Maharashtra,Rabi,drip,medium,onion
106,41,52,23.65,66.26,6.72,159.59,Maharashtra,Rabi,drip,medium,onion
87,36,63,23.0,58.75,6.95,115.66,Maharashtra,Rabi,drip,medium,onion
88,37,54,23.61,56.0,7.34,134.41,Maharashtra,Rabi,drip,medium,onion
93,47,47,22.13,58.95,6.41,129.86,Maharashtra,Rabi,drip,medium,onion
111,49,58,24.97,59.64,6.68,170.61,Maharashtra,Rabi,drip,medium,onion
84,45,50,22.25,59.8,7.34,165.95,Maharashtra,Rabi,drip,medium,onion
96,40,57,25.28,52.13,6.77,112.2,Maharashtra,Rabi,drip,medium,onion
90,34,42,20.8,56.15,6.96,117.37,Maharashtra,Rabi,drip,medium,onion
85,42,54,25.84,61.12,6.53,120.47,Maharashtra,Rabi,drip,medium,onion
99,36,51,20.15,53.64,7.14,138.62,Maharashtra,Rabi,drip,medium,onion
87,38,63,21.91,59.58,7.03,166.31,Maharashtra,Rabi,drip,medium,onion
85,33,46,24.22,64.64,7.0,120.71,Maharashtra,Rabi,drip,medium,onion
103,38,48,22.45,56.06,6.61,161.47,Maharashtra,Rabi,drip,medium,onion
88,32,56,21.41,54.93,6.99,119.28,Maharashtra,Rabi,drip,medium,onion
88,40,51,22.28,50.19,6.75,169.96,Maharashtra,Rabi,drip,medium,onion
98,38,55,24.05,55.19,7.14,138.53,Maharashtra,Rabi,drip,medium,onion
90,48,40,21.04,60.14,6.98,170.68,Maharashtra,Rabi,drip,medium,onion
72,44,45,23.7,57.78,7.03,129.9,Maharashtra,Rabi,drip,medium,onion
102,36,52,23.32,63.59,7.02,139.43,Maharashtra,Rabi,drip,medium,onion
98,45,55,21.29,60.09,6.79,127.35,Maharashtra,Rabi,drip,medium,onion
85,43,55,21.41,54.31,7.3,153.65,Maharashtra,Rabi,drip,medium,onion
93,43,50,22.71,58.07,7.06,104.38,Maharashtra,Rabi,drip,medium,onion
83,34,57,22.83,54.95,6.74,121.31,Maharashtra,Rabi,drip,medium,onion
79,46,52,25.14,53.17,6.93,103.75,Maharashtra,Rabi,drip,medium,onion
115,31,63,22.97,57.39,6.96,114.68,Maharashtra,Rabi,drip,medium,onion
100,44,53,23.42,64.43,6.97,118.05,Maharashtra,Rabi,drip,medium,onion
99,37,48,23.85,54.64,6.81,149.6,Maharashtra,Rabi,drip,medium,onion
110,43,44,20.81,63.75,6.63,102.14,Maharashtra,Rabi,drip,medium,onion
83,44,53,24.08,57.89,6.51,96.28,Maharashtra,Rabi,drip,medium,onion
85,41,46,24.64,54.67,6.36,135.01,Maharashtra,Rabi,drip,medium,onion
99,47,43,25.37,58.62,6.63,149.75,Maharashtra,Rabi,drip,medium,onion
105,32,50,22.09,60.09,7.19,136.59,Maharashtra,Rabi,drip,medium,onion
90,42,51,19.38,59.72,7.06,158.26,Maharashtra,Rabi,drip,medium,onion
82,43,61,27.22,59.6,7.06,113.49,Maharashtra,Rabi,drip,medium,onion
82,45,41,23.26,62.77,6.99,150.3,Maharashtra,Rabi,drip,medium,onion
92,38,65,25.06,60.82,6.81,122.34,Maharashtra,Rabi,drip,medium,onion
102,38,53,24.03,58.7,7.21,106.4,Maharashtra,Rabi,drip,medium,onion
93,51,58,22.67,60.66,6.79,166.77,Maharashtra,Rabi,drip,medium,onion
100,36,54,23.7,59.56,6.88,147.24,Maharashtra,Rabi,drip,medium,onion
96,36,50,22.58,58.32,6.73,158.9,Maharashtra,Rabi,drip,medium,onion
84,31,64,21.64,61.67,6.96,118.05,Maharashtra,Rabi,drip,medium,onion
91,39,55,21.72,57.41,6.79,158.87,Maharashtra,Rabi,drip,medium,onion
89,35,49,23.61,52.09,7.12,135.43,Maharashtra,Rabi,drip,medium,onion
96,41,49,21.2,55.67,6.4,142.55,Maharashtra,Rabi,drip,medium,onion
91,32,49,24.09,62.31,6.46,181.83,Maharashtra,Rabi,drip,medium,onion
84,31,63,21.27,63.08,6.62,128.65,Maharashtra,Rabi,drip,medium,onion
81,46,59,21.9,57.75,6.98,124.79,Maharashtra,Rabi,drip,medium,onion
105,39,49,20.36,53.69,6.96,140.1,Maharashtra,Rabi,drip,medium,onion
100,37,43,22.17,64.79,6.54,134.21,Maharashtra,Rabi,drip,medium,onion
70,37,50,23.55,56.94,6.4,120.62,Maharashtra,Rabi,drip,medium,onion
91,35,48,24.68,55.92,6.92,131.17,Maharashtra,Rabi,drip,medium,onion
81,38,54,25.89,55.43,6.78,154.7,Maharashtra,Rabi,drip,medium,onion
104,37,52,24.85,59.7,7.08,160.38,Maharashtra,Rabi,drip,medium,onion
98,41,49,22.59,57.41,7.12,138.82,Maharashtra,Rabi,drip,medium,onion
94,35,60,21.72,57.05,7.15,154.21,Maharashtra,Rabi,drip,medium,onion
85,35,51,22.04,53.11,6.6,75.46,Maharashtra,Rabi,drip,medium,onion
101,44,61,23.59,56.51,7.07,119.8,Maharashtra,Rabi,drip,medium,onion
80,39,55,21.65,54.51,6.69,143.92,Maharashtra,Rabi,drip,medium,onion
91,53,52,24.25,53.17,6.96,124.98,Maharashtra,Rabi,drip,medium,onion
92,48,50,20.82,54.16,6.85,137.57,Maharashtra,Rabi,drip,medium,onion
93,34,64,25.44,58.43,6.39,169.33,Maharashtra,Rabi,drip,medium,onion
103,41,59,22.18,54.8,6.84,101.36,Maharashtra,Rabi,drip,medium,onion
82,43,54,20.7,56.64,6.44,124.41,Maharashtra,Rabi,drip,medium,onion
87,45,52,22.59,56.69,6.34,132.86,Maharashtra,Rabi,drip,medium,onion
97,41,57,24.24,65.33,6.5,140.09,Maharashtra,Rabi,drip,medium,onion
96,38,49,23.83,59.34,6.52,96.05,Maharashtra,Rabi,drip,medium,onion
88,37,56,21.46,57.41,6.34,101.38,Maharashtra,Rabi,drip,medium,onion
85,39,48,23.24,52.33,6.74,130.59,Maharashtra,Rabi,drip,medium,onion
79,41,40,21.86,60.62,6.21,149.54,Maharashtra,Rabi,drip,medium,onion
82,37,61,21.96,63.38,6.72,133.17,Maharashtra,Rabi,drip,medium,onion
100,43,53,22.23,52.83,6.4,163.45,Maharashtra,Rabi,drip,medium,onion
108,41,42,21.71,55.26,6.65,115.83,Maharashtra,Rabi,drip,medium,onion
97,41,62,22.35,58.67,7.0,157.14,Maharashtra,Rabi,drip,medium,onion
81,42,53,23.5,58.2,7.26,115.7,Maharashtra,Rabi,drip,medium,onion
84,36,51,23.49,56.48,7.07,134.92,Maharashtra,Rabi,drip,medium,onion
92,33,63,22.92,63.46,6.63,153.0,Maharashtra,Rabi,drip,medium,onion
87,49,59,24.42,55.58,7.31,179.16,Maharashtra,Rabi,drip,medium,onion
89,41,58,19.71,61.82,7.07,122.8,Maharashtra,Rabi,drip,medium,onion
72,42,46,20.35,59.24,7.15,130.26,Maharashtra,Rabi,drip,medium,onion
103,43,44,22.08,61.6,6.65,152.75,Maharashtra,Rabi,drip,medium,onion
89,44,55,22.59,60.31,6.22,111.48,Maharashtra,Rabi,drip,medium,onion
88,46,44,22.94,59.06,6.87,132.86,Maharashtra,Rabi,drip,medium,onion
87,39,58,21.85,50.8,6.92,167.41,Maharashtra,Rabi,drip,medium,onion
83,47,56,21.07,55.65,6.6,138.66,Maharashtra,Rabi,drip,medium,onion
91,46,57,20.42,53.27,6.96,123.83,Maharashtra,Rabi,drip,medium,onion
91,43,58,20.94,50.59,6.77,116.48,Maharashtra,Rabi,drip,medium,onion
93,40,47,26.48,58.06,6.65,137.2,Maharashtra,Rabi,drip,medium,onion
97,37,66,20.46,53.16,6.37,135.08,Maharashtra,Rabi,drip,medium,onion
97,38,55,23.76,56.8,6.91,130.74,Maharashtra,Rabi,drip,medium,onion
89,38,54,25.03,53.98,6.67,138.52,Maharashtra,Rabi,drip,medium,onion
109,42,48,21.46,61.28,6.72,108.33,Maharashtra,Rabi,drip,medium,onion
102,42,46,20.77,50.77,6.63,141.6,Maharashtra,Rabi,drip,medium,onion
101,42,45,22.53,62.76,6.66,151.66,Maharashtra,Rabi,drip,medium,onion
98,44,55,24.26,53.06,7.2,95.86,Maharashtra,Rabi,drip,medium,onion
95,40,49,21.37,59.83,7.01,132.77,Maharashtra,Rabi,drip,medium,onion
90,46,50,22.93,57.32,7.46,116.8,Maharashtra,Rabi,drip,medium,onion
100,32,47,22.48,57.56,6.73,132.85,Maharashtra,Rabi,drip,medium,onion
86,46,47,24.24,60.26,6.55,127.05,Maharashtra,Rabi,drip,medium,onion
92,48,50,28.0,60.56,6.89,154.16,Maharashtra,Rabi,drip,medium,onion
77,46,45,24.45,56.02,6.59,173.4,Maharashtra,Rabi,drip,medium,onion
92,32,58,20.97,62.54,6.8,107.4,Maharashtra,Rabi,drip,medium,onion
100,43,40,22.89,59.0,6.86,131.0,Maharashtra,Rabi,drip,medium,onion
99,43,53,22.61,58.49,6.64,112.85,Maharashtra,Rabi,drip,medium,onion
82,39,47,22.74,62.43,6.74,137.99,Maharashtra,Rabi,drip,medium,onion
90,47,62,22.22,60.43,7.36,109.85,Maharashtra,Rabi,drip,medium,onion
101,31,53,22.77,52.31,7.09,138.2,Maharashtra,Rabi,drip,medium,onion
84,42,58,20.05,48.0,6.79,118.35,Maharashtra,Rabi,drip,medium,onion
105,38,54,22.69,52.85,6.81,106.27,Maharashtra,Rabi,drip,medium,onion
80,35,46,22.65,56.69,6.88,100.89,Maharashtra,Rabi,drip,medium,onion
90,38,54,23.42,58.52,6.54,135.53,Maharashtra,Rabi,drip,medium,onion
88,47,53,23.13,53.73,6.64,140.61,Maharashtra,Rabi,drip,medium,onion
92,40,42,21.64,57.08,7.12,94.03,Maharashtra,Rabi,drip,medium,onion
83,31,54,24.98,59.2,6.95,112.64,Maharashtra,Rabi,drip,medium,onion
96,36,53,23.84,57.03,7.02,131.46,Maharashtra,Rabi,drip,medium,onion
95,49,55,21.75,56.4,7.03,157.59,Maharashtra,Rabi,drip,medium,onion
92,32,47,23.3,59.93,7.07,90.97,Maharashtra,Rabi,drip,medium,onion
100,47,39,22.99,60.53,6.42,124.18,Maharashtra,Rabi,drip,medium,onion
98,37,50,23.37,54.1,6.52,145.15,Maharashtra,Rabi,drip,medium,onion
101,42,60,23.7,64.16,6.82,140.48,Maharashtra,Rabi,drip,medium,onion
96,37,48,21.5,56.15,7.35,174.47,Maharashtra,Rabi,drip,medium,onion
89,38,40,21.34,55.3,6.68,122.66,Maharashtra,Rabi,drip,medium,onion
94,44,48,25.39,59.15,7.04,125.48,Maharashtra,Rabi,drip,medium,onion
98,42,61,24.09,60.85,6.66,160.91,Maharashtra,Rabi,drip,medium,onion
81,37,54,21.08,54.92,6.55,143.2,Maharashtra,Rabi,drip,medium,onion
91,45,63,23.45,56.3,6.9,115.59,Maharashtra,Rabi,drip,medium,onion
92,52,51,23.5,57.46,6.69,145.42,Maharashtra,Rabi,drip,medium,onion
81,39,45,25.57,61.29,6.6,94.79,Maharashtra,Rabi,drip,medium,onion
97,40,66,25.34,60.12,6.66,129.33,Maharashtra,Rabi,drip,medium,onion
95,42,48,20.73,64.43,6.81,144.19,Maharashtra,Rabi,drip,medium,onion
85,47,59,23.1,58.7,6.88,137.13,Maharashtra,Rabi,drip,medium,onion
98,42,51,21.05,57.92,7.0,149.56,Maharashtra,Rabi,drip,medium,onion
105,47,57,23.31,59.15,6.65,152.32,Maharashtra,Rabi,drip,medium,onion
105,45,56,22.6,56.81,6.76,119.18,Maharashtra,Rabi,drip,medium,onion
95,26,49,23.11,66.34,6.8,135.89,Maharashtra,Rabi,drip,medium,onion
85,49,48,26.39,55.53,7.05,133.77,Maharashtra,Rabi,drip,medium,onion
87,45,60,22.69,57.92,6.69,139.85,Maharashtra,Rabi,drip,medium,onion
82,27,42,22.63,54.43,6.77,123.9,Maharashtra,Rabi,drip,medium,onion
86,37,58,23.39,63.22,6.83,93.62,Maharashtra,Rabi,drip,medium,onion
83,41,54,22.02,55.35,6.64,131.87,Maharashtra,Rabi,drip,medium,onion
92,35,54,23.4,57.63,6.62,149.55,Maharashtra,Rabi,drip,medium,onion
105,38,49,23.78,54.1,6.46,120.94,Maharashtra,Rabi,drip,medium,onion
95,36,52,19.65,60.06,7.18,115.29,Maharashtra,Rabi,drip,medium,onion
97,39,53,22.59,56.99,6.58,111.32,Maharashtra,Rabi,drip,medium,onion
103,32,52,22.89,57.84,6.98,126.97,Maharashtra,Rabi,drip,medium,onion
98,50,52,19.61,57.52,6.74,143.71,Maharashtra,Rabi,drip,medium,onion
74,42,50,24.34,56.27,7.03,102.27,Maharashtra,Rabi,drip,medium,onion
93,35,50,27.53,54.83,6.7,110.22,Maharashtra,Rabi,drip,medium,onion
90,39,48,25.63,61.85,6.55,152.7,Maharashtra,Rabi,drip,medium,onion
88,34,48,20.91,61.14,6.57,162.91,Maharashtra,Rabi,drip,medium,onion
94,38,50,25.92,58.03,6.67,153.49,Maharashtra,Rabi,drip,medium,onion
98,35,53,19.99,57.89,6.88,144.7,Maharashtra,Rabi,drip,medium,onion
83,36,54,25.08,58.31,6.65,156.02,Maharashtra,Rabi,drip,medium,onion
94,41,57,22.84,54.89,6.76,159.1,Maharashtra,Rabi,drip,medium,onion
110,34,62,22.39,58.07,7.25,126.12,Maharashtra,Rabi,drip,medium,onion
90,37,53,23.52,55.71,7.19,118.81,Maharashtra,Rabi,drip,medium,onion
97,40,60,21.66,59.91,7.45,103.77,Maharashtra,Rabi,drip,medium,onion
84,50,52,23.19,56.89,7.24,100.04,Maharashtra,Rabi,drip,medium,onion
104,33,43,21.19,57.57,6.61,118.24,Maharashtra,Rabi,drip,medium,onion
84,35,47,23.39,55.88,6.09,134.19,Maharashtra,Rabi,drip,medium,onion
99,39,45,24.24,53.42,6.71,134.53,Maharashtra,Rabi,drip,medium,onion
102,43,54,24.55,54.14,7.22,70.0,Maharashtra,Rabi,drip,medium,onion
106,36,55,25.41,59.87,6.9,153.77,Maharashtra,Rabi,drip,medium,onion
79,33,54,22.67,56.96,7.13,159.95,Maharashtra,Rabi,drip,medium,onion
84,42,43,20.35,55.02,6.79,120.85,Maharashtra,Rabi,drip,medium,onion
97,40,59,23.91,54.54,7.04,116.32,Maharashtra,Rabi,drip,medium,onion
96,38,60,24.22,55.69,6.7,200.0,Maharashtra,Rabi,drip,medium,onion
81,36,49,21.07,54.49,6.77,145.32,Maharashtra,Rabi,drip,medium,onion
78,37,48,21.05,61.32,6.6,105.32,Maharashtra,Rabi,drip,medium,onion
101,46,54,21.43,57.07,6.63,133.93,Maharashtra,Rabi,drip,medium,onion
99,40,52,22.14,60.22,6.9,95.17,Maharashtra,Rabi,drip,medium,onion
76,38,58,24.94,60.54,6.76,166.74,Maharashtra,Rabi,drip,medium,onion
86,38,44,22.42,55.13,7.21,164.06,Maharashtra,Rabi,drip,medium,onion
93,42,49,18.77,55.46,7.0,144.49,Maharashtra,Rabi,drip,medium,onion
89,44,50,21.1,60.47,6.64,157.24,Maharashtra,Rabi,drip,medium,onion
74,37,56,23.82,57.26,6.88,138.04,Maharashtra,Rabi,drip,medium,onion
79,38,54,23.84,57.78,6.65,106.09,Maharashtra,Rabi,drip,medium,onion
99,43,58,21.2,58.41,6.62,136.01,Maharashtra,Rabi,drip,medium,onion
119,45,48,22.58,56.79,6.83,101.98,Maharashtra,Rabi,drip,medium,onion
95,29,43,26.34,56.8,7.18,117.45,Maharashtra,Rabi,drip,medium,onion
73,35,68,20.65,63.92,6.89,137.6,Maharashtra,Rabi,drip,medium,onion
86,35,56,25.2,58.65,7.0,125.78,Maharashtra,Rabi,drip,medium,onion
112,41,64,21.39,57.85,7.09,138.08,Maharashtra,Rabi,drip,medium,onion
97,35,50,21.54,57.71,6.75,123.54,Maharashtra,Rabi,drip,medium,onion
98,35,40,22.05,65.17,6.94,116.66,Maharashtra,Rabi,drip,medium,onion
97,39,55,24.47,58.65,6.83,167.21,Maharashtra,Rabi,drip,medium,onion
97,41,53,27.65,41.73,6.98,94.15,Maharashtra,Summer,drip,medium,onion
96,43,47,27.61,41.59,6.73,89.75,Maharashtra,Summer,drip,medium,onion
86,40,57,30.31,40.19,6.67,63.93,Maharashtra,Summer,drip,medium,onion
84,38,41,27.95,46.63,6.52,67.77,Maharashtra,Summer,drip,medium,onion
93,41,43,29.55,49.28,6.6,100.17,Maharashtra,Summer,drip,medium,onion
97,42,56,26.95,45.15,6.96,63.03,Maharashtra,Summer,drip,medium,onion
89,43,54,28.53,46.74,6.75,87.79,Maharashtra,Summer,drip,medium,onion
112,41,60,27.84,43.89,6.59,61.22,Maharashtra,Summer,drip,medium,onion
90,44,58,27.74,45.26,6.8,78.51,Maharashtra,Summer,drip,medium,onion
98,38,51,30.53,45.43,6.65,73.72,Maharashtra,Summer,drip,medium,onion
93,32,50,29.13,54.18,6.66,86.47,Maharashtra,Summer,drip,medium,onion
94,46,49,30.15,51.87,7.19,96.41,Maharashtra,Summer,drip,medium,onion
94,43,50,25.17,47.48,6.76,89.45,Maharashtra,Summer,drip,medium,onion
100,35,66,29.08,41.58,6.49,42.33,Maharashtra,Summer,drip,medium,onion
100,37,48,27.53,45.35,6.95,50.33,Maharashtra,Summer,drip,medium,onion
83,42,49,29.37,44.59,7.22,78.13,Maharashtra,Summer,drip,medium,onion
104,43,56,27.37,50.97,6.86,60.69,Maharashtra,Summer,drip,medium,onion
73,41,61,27.14,42.89,6.72,91.52,Maharashtra,Summer,drip,medium,onion
76,37,47,29.34,45.95,6.71,72.3,Maharashtra,Summer,drip,medium,onion
100,46,58,29.36,51.8,6.55,80.82,Maharashtra,Summer,drip,medium,onion
114,31,49,26.95,47.61,7.18,83.06,Maharashtra,Summer,drip,medium,onion
91,43,51,28.79,48.87,7.27,81.74,Maharashtra,Summer,drip,medium,onion
94,50,41,28.36,43.66,6.74,84.06,Maharashtra,Summer,drip,medium,onion
101,37,56,27.15,41.59,6.82,71.72,Maharashtra,Summer,drip,medium,onion
106,51,49,25.78,41.26,6.58,78.11,Maharashtra,Summer,drip,medium,onion
90,34,63,29.49,53.24,6.32,94.09,Maharashtra,Summer,drip,medium,onion
91,38,53,27.45,45.95,7.05,45.55,Maharashtra,Summer,drip,medium,onion
106,42,52,29.9,47.89,6.67,63.41,Maharashtra,Summer,drip,medium,onion
106,33,51,26.38,48.37,6.77,56.26,Maharashtra,Summer,drip,medium,onion
85,40,54,25.59,43.8,6.84,93.15,Maharashtra,Summer,drip,medium,onion
100,38,58,28.03,35.0,7.18,81.86,Maharashtra,Summer,drip,medium,onion
94,40,54,28.51,45.39,6.63,76.15,Maharashtra,Summer,drip,medium,onion
84,34,54,29.97,43.45,6.63,49.56,Maharashtra,Summer,drip,medium,onion
80,34,58,25.9,48.26,6.73,84.08,Maharashtra,Summer,drip,medium,onion
103,40,59,30.82,51.66,6.62,45.46,Maharashtra,Summer,drip,medium,onion
91,41,41,28.59,36.64,7.21,82.16,Maharashtra,Summer,drip,medium,onion
85,41,54,29.22,46.77,7.05,55.98,Maharashtra,Summer,drip,medium,onion
91,49,50,28.86,42.68,7.38,79.28,Maharashtra,Summer,drip,medium,onion
81,45,46,29.53,50.45,7.34,78.36,Maharashtra,Summer,drip,medium,onion
93,30,50,27.43,45.81,6.66,86.79,Maharashtra,Summer,drip,medium,onion
87,42,52,27.57,43.76,6.86,95.56,Maharashtra,Summer,drip,medium,onion
86,40,55,28.47,39.75,6.93,52.4,Maharashtra,Summer,drip,medium,onion
79,33,52,27.05,41.0,6.9,74.6,Maharashtra,Summer,drip,medium,onion
99,36,52,29.7,41.47,6.62,89.89,Maharashtra,Summer,drip,medium,onion
93,39,52,30.33,46.41,6.81,74.75,Maharashtra,Summer,drip,medium,onion
78,43,48,26.61,39.81,6.39,40.96,Maharashtra,Summer,drip,medium,onion
83,38,59,28.59,47.47,7.14,32.23,Maharashtra,Summer,drip,medium,onion
96,42,57,25.81,44.3,6.55,55.68,Maharashtra,Summer,drip,medium,onion
114,37,58,29.56,40.98,6.66,75.9,Maharashtra,Summer,drip,medium,onion
96,42,63,29.87,49.02,7.06,95.29,Maharashtra,Summer,drip,medium,onion
87,32,49,26.44,42.73,6.83,66.7,Maharashtra,Summer,drip,medium,onion
98,42,55,26.6,43.14,6.29,83.52,Maharashtra,Summer,drip,medium,onion
110,41,54,27.7,45.67,7.14,76.36,Maharashtra,Summer,drip,medium,onion
98,47,59,28.55,46.91,6.7,82.48,Maharashtra,Summer,drip,medium,onion
89,42,59,25.97,39.38,6.79,85.03,Maharashtra,Summer,drip,medium,onion
95,34,58,31.36,43.17,6.61,75.38,Maharashtra,Summer,drip,medium,onion
91,46,54,28.06,44.24,6.39,95.54,Maharashtra,Summer,drip,medium,onion
98,40,53,28.34,39.73,6.42,71.94,Maharashtra,Summer,drip,medium,onion
90,40,62,28.07,43.58,6.81,54.05,Maharashtra,Summer,drip,medium,onion
94,36,54,28.23,45.96,6.97,86.02,Maharashtra,Summer,drip,medium,onion
111,43,51,27.55,47.83,7.19,87.84,Maharashtra,Summer,drip,medium,onion
86,42,54,30.07,47.66,6.87,57.28,Maharashtra,Summer,drip,medium,onion
100,33,53,27.67,44.16,6.96,74.95,Maharashtra,Summer,drip,medium,onion
71,39,50,30.39,41.74,7.31,87.85,Maharashtra,Summer,drip,medium,onion
90,38,49,28.98,43.48,6.77,58.7,Maharashtra,Summer,drip,medium,onion
99,41,50,28.14,43.84,6.88,56.17,Maharashtra,Summer,drip,medium,onion
101,41,50,29.38,47.99,6.52,94.61,Maharashtra,Summer,drip,medium,onion
70,45,52,29.99,52.02,6.69,69.29,Maharashtra,Summer,drip,medium,onion
95,34,51,27.88,41.95,6.67,86.3,Maharashtra,Summer,drip,medium,onion
99,39,53,28.04,39.75,6.53,89.38,Maharashtra,Summer,drip,medium,onion
103,36,59,26.7,44.52,6.77,70.9,Maharashtra,Summer,drip,medium,onion
86,41,57,26.32,46.98,7.06,68.81,Maharashtra,Summer,drip,medium,onion
87,36,64,30.74,45.37,7.11,67.11,Maharashtra,Summer,drip,medium,onion
91,35,42,27.63,44.87,6.91,84.82,Maharashtra,Summer,drip,medium,onion
91,35,49,30.89,48.91,7.18,101.65,Maharashtra,Summer,drip,medium,onion
86,44,47,30.05,49.67,6.24,81.04,Maharashtra,Summer,drip,medium,onion
85,38,49,29.86,43.88,6.46,62.89,Maharashtra,Summer,drip,medium,onion
91,42,59,29.27,48.74,7.0,87.26,Maharashtra,Summer,drip,medium,onion
102,53,57,28.93,44.72,6.88,92.31,Maharashtra,Summer,drip,medium,onion
81,46,50,28.15,48.5,6.66,81.88,Maharashtra,Summer,drip,medium,onion
82,44,54,28.49,47.55,6.79,81.62,Maharashtra,Summer,drip,medium,onion
91,39,42,30.55,42.04,7.23,71.36,Maharashtra,Summer,drip,medium,onion
104,45,58,28.57,41.92,6.75,70.28,Maharashtra,Summer,drip,medium,onion
92,34,51,24.12,45.35,6.83,63.27,Maharashtra,Summer,drip,medium,onion
90,41,58,30.08,47.67,6.79,80.33,Maharashtra,Summer,drip,medium,onion
109,43,54,30.11,46.68,6.57,81.89,Maharashtra,Summer,drip,medium,onion
94,39,56,25.78,44.43,6.57,63.38,Maharashtra,Summer,drip,medium,onion
91,35,62,29.18,43.45,6.34,66.25,Maharashtra,Summer,drip,medium,onion
89,37,67,26.02,46.7,6.77,71.26,Maharashtra,Summer,drip,medium,onion
75,40,54,29.56,48.35,7.12,44.31,Maharashtra,Summer,drip,medium,onion
90,53,59,26.32,46.84,6.52,68.53,Maharashtra,Summer,drip,medium,onion
111,45,44,27.35,46.5,6.73,79.7,Maharashtra,Summer,drip,medium,onion
85,38,48,27.95,49.2,6.88,64.48,Maharashtra,Summer,drip,medium,onion
103,45,52,28.11,53.26,7.23,52.28,Maharashtra,Summer,drip,medium,onion
103,49,56,27.8,45.17,7.26,87.53,Maharashtra,Summer,drip,medium,onion
98,52,47,28.36,47.23,6.74,47.39,Maharashtra,Summer,drip,medium,onion
102,36,48,27.96,45.62,6.77,89.46,Maharashtra,Summer,drip,medium,onion
103,39,49,28.31,43.07,6.79,60.81,Maharashtra,Summer,drip,medium,onion
112,41,49,29.56,41.78,6.61,81.36,Maharashtra,Summer,drip,medium,onion
94,45,37,29.73,44.42,6.49,49.15,Maharashtra,Summer,drip,medium,onion
87,48,58,30.95,46.06,6.83,51.31,Maharashtra,Summer,drip,medium,onion
78,39,44,27.21,46.67,7.14,75.15,Maharashtra,Summer,drip,medium,onion
80,31,53,27.56,46.95,6.75,73.94,Maharashtra,Summer,drip,medium,onion
104,45,55,27.16,44.39,7.0,94.52,Maharashtra,Summer,drip,medium,onion
81,48,48,29.5,57.24,6.38,82.58,Maharashtra,Summer,drip,medium,onion
90,42,49,24.78,43.61,6.89,95.24,Maharashtra,Summer,drip,medium,onion
96,47,50,27.64,47.82,6.7,91.84,Maharashtra,Summer,drip,medium,onion
80,44,60,29.05,50.0,6.63,62.53,Maharashtra,Summer,drip,medium,onion
96,36,54,28.95,46.24,6.88,84.52,Maharashtra,Summer,drip,medium,onion
92,38,57,28.91,48.23,6.96,77.23,Maharashtra,Summer,drip,medium,onion
89,37,52,29.22,48.53,6.84,80.28,Maharashtra,Summer,drip,medium,onion
82,38,56,27.25,47.04,6.81,73.29,Maharashtra,Summer,drip,medium,onion
99,41,46,29.27,44.56,6.44,86.13,Maharashtra,Summer,drip,medium,onion
82,38,54,28.39,44.11,6.54,63.6,Maharashtra,Summer,drip,medium,onion
83,39,49,26.43,45.39,6.63,79.02,Maharashtra,Summer,drip,medium,onion
96,47,56,26.87,38.17,6.4,67.46,Maharashtra,Summer,drip,medium,onion
78,37,53,27.66,47.57,6.64,63.57,Maharashtra,Summer,drip,medium,onion
108,40,53,29.77,49.86,6.7,90.69,Maharashtra,Summer,drip,medium,onion
88,45,45,28.04,47.35,6.9,62.35,Maharashtra,Summer,drip,medium,onion
77,42,51,27.91,52.84,6.72,67.25,Maharashtra,Summer,drip,medium,onion
76,35,58,27.41,48.91,6.46,61.96,Maharashtra,Summer,drip,medium,onion
84,42,51,26.83,49.24,6.93,80.11,Maharashtra,Summer,drip,medium,onion
95,36,60,28.35,47.53,6.9,60.83,Maharashtra,Summer,drip,medium,onion
110,40,53,27.88,50.91,7.12,77.37,Maharashtra,Summer,drip,medium,onion
79,39,52,27.82,42.73,6.39,97.07,Maharashtra,Summer,drip,medium,onion
99,40,49,29.04,47.28,6.69,80.85,Maharashtra,Summer,drip,medium,onion
97,43,47,29.15,51.01,6.88,108.12,Maharashtra,Summer,drip,medium,onion
91,31,48,27.5,48.64,7.02,77.04,Maharashtra,Summer,drip,medium,onion
95,50,48,28.39,44.77,6.49,44.63,Maharashtra,Summer,drip,medium,onion
104,36,51,29.15,41.94,6.58,74.67,Maharashtra,Summer,drip,medium,onion
88,34,56,27.8,47.02,6.82,89.54,Maharashtra,Summer,drip,medium,onion
96,36,59,27.79,43.38,6.54,39.85,Maharashtra,Summer,drip,medium,onion
87,42,45,31.06,37.91,6.59,52.69,Maharashtra,Summer,drip,medium,onion
101,43,51,26.37,41.91,6.87,64.86,Maharashtra,Summer,drip,medium,onion
87,40,50,25.88,41.4,6.45,64.09,Maharashtra,Summer,drip,medium,onion
93,40,59,26.39,47.67,6.59,104.63,Maharashtra,Summer,drip,medium,onion
92,37,54,28.8,45.04,6.96,97.66,Maharashtra,Summer,drip,medium,onion
101,39,63,29.22,42.29,6.81,71.75,Maharashtra,Summer,drip,medium,onion
88,42,42,30.9,48.85,6.31,84.0,Maharashtra,Summer,drip,medium,onion
97,47,63,31.34,45.44,6.94,67.79,Maharashtra,Summer,drip,medium,onion
101,29,45,27.85,46.27,6.84,94.12,Maharashtra,Summer,drip,medium,onion
87,34,50,27.59,48.62,7.21,96.53,Maharashtra,Summer,drip,medium,onion
102,37,52,29.14,43.55,6.62,80.62,Maharashtra,Summer,drip,medium,onion
80,45,50,29.31,47.29,7.13,43.08,Maharashtra,Summer,drip,medium,onion
104,46,54,29.28,48.79,6.56,75.81,Maharashtra,Summer,drip,medium,onion
101,31,55,28.63,48.9,6.46,63.85,Maharashtra,Summer,drip,medium,onion
80,33,57,27.62,43.96,7.09,69.85,Maharashtra,Summer,drip,medium,onion
101,35,50,27.14,48.6,6.74,85.97,Maharashtra,Summer,drip,medium,onion
94,30,51,26.2,47.83,6.95,84.88,Maharashtra,Summer,drip,medium,onion
91,32,54,29.11,45.8,6.82,46.68,Maharashtra,Summer,drip,medium,onion
93,39,45,29.29,44.61,6.86,82.32,Maharashtra,Summer,drip,medium,onion
96,33,50,31.69,51.85,7.02,79.11,Maharashtra,Summer,drip,medium,onion
83,39,50,28.37,40.96,7.05,34.7,Maharashtra,Summer,drip,medium,onion
100,44,66,28.13,44.51,6.83,83.4,Maharashtra,Summer,drip,medium,onion
92,34,56,28.5,42.64,6.37,112.03,Maharashtra,Summer,drip,medium,onion
100,43,52,29.53,42.47,6.85,78.64,Maharashtra,Summer,drip,medium,onion
83,39,50,27.35,44.43,6.34,90.94,Maharashtra,Summer,drip,medium,onion
107,35,59,28.45,46.46,6.45,66.63,Maharashtra,Summer,drip,medium,onion
97,35,48,27.74,35.0,6.89,84.55,Maharashtra,Summer,drip,medium,onion
96,45,50,31.22,43.26,6.74,70.15,Maharashtra,Summer,drip,medium,onion
94,39,52,27.48,44.82,6.2,87.04,Maharashtra,Summer,drip,medium,onion
83,38,46,29.35,44.42,6.15,79.21,Maharashtra,Summer,drip,medium,onion
86,40,57,27.02,46.3,6.59,89.8,Maharashtra,Summer,drip,medium,onion
93,40,45,29.63,49.86,6.6,77.31,Maharashtra,Summer,drip,medium,onion
98,51,55,28.5,45.9,6.77,86.51,Maharashtra,Summer,drip,medium,onion
84,45,44,29.5,50.12,7.01,79.06,Maharashtra,Summer,drip,medium,onion
96,38,46,28.87,46.76,7.05,72.88,Maharashtra,Summer,drip,medium,onion
94,41,56,29.92,42.84,6.99,72.29,Maharashtra,Summer,drip,medium,onion
98,47,40,30.32,46.05,6.57,68.44,Maharashtra,Summer,drip,medium,onion
83,43,46,30.31,49.15,6.86,44.46,Maharashtra,Summer,drip,medium,onion
80,40,52,29.91,35.34,6.6,87.56,Maharashtra,Summer,drip,medium,onion
89,38,43,30.09,44.64,7.09,96.99,Maharashtra,Summer,drip,medium,onion
105,40,50,27.67,54.05,6.74,90.8,Maharashtra,Summer,drip,medium,onion
97,38,51,30.28,46.62,6.68,62.9,Maharashtra,Summer,drip,medium,onion
95,37,56,32.32,48.49,7.28,64.28,Maharashtra,Summer,drip,medium,onion
99,46,61,30.42,46.56,7.04,59.74,Maharashtra,Summer,drip,medium,onion
107,35,60,30.07,50.48,7.35,90.79,Maharashtra,Summer,drip,medium,onion
80,43,41,28.36,44.88,6.97,62.65,Maharashtra,Summer,drip,medium,onion
85,43,59,28.5,55.41,6.71,85.2,Maharashtra,Summer,drip,medium,onion
96,38,60,27.16,38.54,6.77,71.15,Maharashtra,Summer,drip,medium,onion
102,34,56,29.1,47.74,7.08,74.65,Maharashtra,Summer,drip,medium,onion
93,42,52,26.47,44.93,6.73,66.56,Maharashtra,Summer,drip,medium,onion
90,41,51,29.78,49.83,6.17,53.5,Maharashtra,Summer,drip,medium,onion
70,39,51,28.73,49.73,6.79,65.96,Maharashtra,Summer,drip,medium,onion
92,38,44,29.94,48.13,7.19,56.44,Maharashtra,Summer,drip,medium,onion
78,35,55,29.79,47.6,6.84,87.82,Maharashtra,Summer,drip,medium,onion
88,45,64,26.91,45.53,6.43,60.52,Maharashtra,Summer,drip,medium,onion
96,32,48,30.08,47.36,7.0,55.6,Maharashtra,Summer,drip,medium,onion
93,49,49,27.77,48.73,6.56,85.76,Maharashtra,Summer,drip,medium,onion
76,28,54,27.03,44.33,7.03,84.36,Maharashtra,Summer,drip,medium,onion
81,43,51,29.13,46.42,6.4,64.3,Maharashtra,Summer,drip,medium,onion
70,41,55,27.44,46.06,6.54,93.85,Maharashtra,Summer,drip,medium,onion
81,38,45,28.85,50.48,6.25,84.81,Maharashtra,Summer,drip,medium,onion
107,41,49,28.44,44.41,7.32,87.52,Maharashtra,Summer,drip,medium,onion
101,51,60,28.32,46.6,7.43,63.91,Maharashtra,Summer,drip,medium,onion
91,35,42,27.18,43.2,6.63,84.18,Maharashtra,Summer,drip,medium,onion
92,45,53,28.77,45.38,7.32,68.65,Maharashtra,Summer,drip,medium,onion
101,34,51,31.51,49.13,6.43,59.52,Maharashtra,Summer,drip,medium,onion
107,40,51,27.33,45.28,7.18,64.5,Maharashtra,Summer,drip,medium,onion
87,43,46,27.1,46.52,6.81,62.86,Maharashtra,Summer,drip,medium,onion
97,41,41,29.67,44.32,7.01,106.2,Maharashtra,Summer,drip,medium,onion
92,37,61,27.24,53.75,6.68,65.6,Maharashtra,Summer,drip,medium,onion
114,42,62,28.46,46.13,6.02,90.18,Maharashtra,Summer,drip,medium,onion
96,39,56,28.56,42.88,6.9,72.14,Maharashtra,Summer,drip,medium,onion
99,39,50,27.68,43.11,6.66,81.48,Maharashtra,Summer,drip,medium,onion
86,34,57,28.29,49.44,6.74,66.42,Maharashtra,Summer,drip,medium,onion
77,34,47,28.92,46.08,6.53,33.29,Maharashtra,Summer,drip,medium,onion
97,44,58,27.05,50.44,6.95,83.42,Maharashtra,Summer,drip,medium,onion
87,39,63,31.02,46.31,6.85,42.08,Maharashtra,Summer,drip,medium,onion
104,44,55,27.6,46.75,7.19,80.43,Maharashtra,Summer,drip,medium,onion
117,44,47,27.88,43.78,7.03,92.3,Maharashtra,Summer,drip,medium,onion
108,38,55,30.42,52.44,6.47,84.3,Maharashtra,Summer,drip,medium,onion
82,37,45,27.57,40.94,6.48,61.43,Maharashtra,Summer,drip,medium,onion
95,40,43,32.61,44.63,6.45,83.74,Maharashtra,Summer,drip,medium,onion
92,36,55,27.49,45.37,7.19,76.85,Maharashtra,Summer,drip,medium,onion
98,37,53,27.34,43.38,6.69,64.58,Maharashtra,Summer,drip,medium,onion
102,43,39,31.09,48.96,7.11,72.44,Maharashtra,Summer,drip,medium,onion
79,33,62,26.06,40.96,6.68,54.23,Maharashtra,Summer,drip,medium,onion
97,43,55,27.58,47.61,7.28,53.49,Maharashtra,Summer,drip,medium,onion
103,44,52,28.75,47.87,6.54,50.52,Maharashtra,Summer,drip,medium,onion
101,34,46,27.73,47.59,6.67,64.14,Maharashtra,Summer,drip,medium,onion
101,38,48,29.09,46.72,6.81,81.65,Maharashtra,Summer,drip,medium,onion
91,44,44,30.36,43.0,6.36,63.18,Maharashtra,Summer,drip,medium,onion
89,36,47,30.02,43.16,6.2,69.74,Maharashtra,Summer,drip,medium,onion
111,35,47,27.89,52.42,6.7,59.65,Maharashtra,Summer,drip,medium,onion
96,41,55,26.91,44.34,7.1,81.14,Maharashtra,Summer,drip,medium,onion
100,40,59,28.94,44.49,7.0,61.87,Maharashtra,Summer,drip,medium,onion
107,45,51,28.22,47.01,6.75,94.78,Maharashtra,Summer,drip,medium,onion
88,32,51,29.63,50.39,6.83,65.49,Maharashtra,Summer,drip,medium,onion
92,37,39,27.22,48.46,6.73,70.37,Maharashtra,Summer,drip,medium,onion
103,35,47,29.0,43.77,6.61,98.24,Maharashtra,Summer,drip,medium,onion
83,36,55,28.43,41.24,7.28,63.09,Maharashtra,Summer,drip,medium,onion
90,42,65,27.89,42.98,6.93,106.32,Maharashtra,Summer,drip,medium,onion
94,39,55,25.39,44.14,6.31,69.6,Maharashtra,Summer,drip,medium,onion
88,27,54,29.43,45.76,6.39,93.98,Maharashtra,Summer,drip,medium,onion
110,42,50,27.99,48.16,6.82,81.53,Maharashtra,Summer,drip,medium,onion
97,36,48,28.08,48.29,6.38,71.57,Maharashtra,Summer,drip,medium,onion
92,38,61,30.35,48.09,7.27,88.18,Maharashtra,Summer,drip,medium,onion
94,38,50,29.07,45.07,6.4,69.29,Maharashtra,Summer,drip,medium,onion
102,27,61,29.36,45.6,6.88,89.42,Maharashtra,Summer,drip,medium,onion
93,45,57,28.76,42.24,6.77,44.38,Maharashtra,Summer,drip,medium,onion
97,38,49,29.48,41.63,6.83,69.9,Maharashtra,Summer,drip,medium,onion
91,41,63,29.1,51.71,7.17,86.55,Maharashtra,Summer,drip,medium,onion
76,39,46,32.8,42.65,6.4,33.44,Maharashtra,Summer,drip,medium,onion
83,41,59,26.89,50.99,6.78,67.72,Maharashtra,Summer,drip,medium,onion
94,47,53,26.84,48.13,6.91,72.15,Maharashtra,Summer,drip,medium,onion
102,29,55,29.68,40.95,6.4,89.97,Maharashtra,Summer,drip,medium,onion
103,47,48,28.8,47.78,6.34,77.36,Maharashtra,Summer,drip,medium,onion
94,44,49,30.38,46.81,7.26,86.2,Maharashtra,Summer,drip,medium,onion
95,34,45,30.9,49.86,6.72,68.75,Maharashtra,Summer,drip,medium,onion
95,33,50,29.42,49.36,6.7,99.0,Maharashtra,Summer,drip,medium,onion
102,36,45,29.39,44.77,6.63,78.34,Maharashtra,Summer,drip,medium,onion
99,44,53,25.06,50.16,6.59,79.63,Maharashtra,Summer,drip,medium,onion
91,51,65,27.81,41.35,6.46,79.07,Maharashtra,Summer,drip,medium,onion
88,34,49,29.18,46.2,6.67,69.65,Maharashtra,Summer,drip,medium,onion
91,41,54,26.03,47.14,6.7,59.79,Maharashtra,Summer,drip,medium,onion
89,46,57,28.65,43.06,6.44,60.87,Maharashtra,Summer,drip,medium,onion
93,40,49,29.82,47.97,6.09,76.64,Maharashtra,Summer,drip,medium,onion
99,41,56,28.1,46.25,6.79,77.76,Maharashtra,Summer,drip,medium,onion
87,45,61,27.7,42.02,6.44,81.07,Maharashtra,Summer,drip,medium,onion
98,42,55,27.65,38.87,6.67,99.81,Maharashtra,Summer,drip,medium,onion
95,42,58,27.24,47.36,6.94,61.01,Maharashtra,Summer,drip,medium,onion
96,46,50,25.92,47.16,6.62,77.72,Maharashtra,Summer,drip,medium,onion
85,40,60,28.46,40.18,6.9,75.3,Maharashtra,Summer,drip,medium,onion
94,45,49,28.07,42.55,6.85,77.51,Maharashtra,Summer,drip,medium,onion
90,44,46,28.69,48.8,6.66,54.4,Maharashtra,Summer,drip,medium,onion
77,41,62,27.59,48.23,6.15,80.6,Maharashtra,Summer,drip,medium,onion
83,38,53,26.01,58.0,6.64,84.11,Maharashtra,Summer,drip,medium,onion
106,41,45,28.65,39.46,6.71,100.15,Maharashtra,Summer,drip,medium,onion
80,36,63,28.24,43.07,6.9,67.97,Maharashtra,Summer,drip,medium,onion
68,33,64,28.99,52.11,6.53,74.17,Maharashtra,Summer,drip,medium,onion
91,37,54,26.83,51.14,6.92,72.39,Maharashtra,Summer,drip,medium,onion
94,38,42,27.01,45.81,6.71,84.71,Maharashtra,Summer,drip,medium,onion
98,37,47,29.63,47.23,6.63,57.87,Maharashtra,Summer,drip,medium,onion
86,42,62,28.18,43.31,7.38,69.42,Maharashtra,Summer,drip,medium,onion
85,38,50,30.41,40.08,6.96,74.84,Maharashtra,Summer,drip,medium,onion
87,38,51,28.63,44.77,6.78,63.34,Maharashtra,Summer,drip,medium,onion
113,45,55,27.83,49.65,6.88,76.79,Maharashtra,Summer,drip,medium,onion
88,41,62,28.62,45.49,6.83,75.66,Maharashtra,Summer,drip,medium,onion
87,36,57,30.31,55.19,6.92,76.75,Maharashtra,Summer,drip,medium,onion
101,35,56,30.06,50.43,7.24,66.02,Maharashtra,Summer,drip,medium,onion
88,39,46,29.31,49.09,6.95,77.24,Maharashtra,Summer,drip,medium,onion
102,43,49,24.08,45.23,6.81,75.71,Maharashtra,Summer,drip,medium,onion
91,37,48,26.95,48.17,7.09,56.23,Maharashtra,Summer,drip,medium,onion
92,44,51,29.57,50.63,6.91,67.56,Maharashtra,Summer,drip,medium,onion
105,39,51,29.27,45.34,6.74,69.39,Maharashtra,Summer,drip,medium,onion
91,41,41,28.35,39.73,6.69,80.07,Maharashtra,Summer,drip,medium,onion
89,44,55,25.27,51.09,6.87,66.46,Maharashtra,Summer,drip,medium,onion
88,30,54,29.48,43.89,6.56,77.11,Maharashtra,Summer,drip,medium,onion
103,45,57,31.53,50.04,7.11,76.31,Maharashtra,Summer,drip,medium,onion
89,46,47,29.14,44.17,6.89,79.02,Maharashtra,Summer,drip,medium,onion
94,40,56,29.54,41.14,6.79,68.73,Maharashtra,Summer,drip,medium,onion
94,38,60,28.4,50.28,6.55,70.79,Maharashtra,Summer,drip,medium,onion
87,42,46,25.94,44.1,6.95,62.85,Maharashtra,Summer,drip,medium,onion
95,37,42,29.78,48.99,6.79,75.64,Maharashtra,Summer,drip,medium,onion
91,35,60,28.35,47.89,6.67,81.64,Maharashtra,Summer,drip,medium,onion
103,41,55,29.82,49.21,7.08,79.81,Maharashtra,Summer,drip,medium,onion
95,41,58,27.85,48.53,7.41,80.38,Maharashtra,Summer,drip,medium,onion
82,39,56,27.49,42.75,6.43,71.88,Maharashtra,Summer,drip,medium,onion
107,37,58,28.08,45.02,6.94,51.99,Maharashtra,Summer,drip,medium,onion
96,40,53,29.97,88.24,5.82,1226.11,Maharashtra,Kharif,canal,high,rice
109,56,48,27.54,85.7,6.07,1208.37,Maharashtra,Kharif,canal,high,rice
102,57,56,28.06,89.01,5.78,1427.87,Maharashtra,Kharif,canal,high,rice
107,65,44,26.7,85.98,6.02,1468.77,Maharashtra,Kharif,canal,high,rice
97,55,56,28.32,82.76,6.32,1378.67,Maharashtra,Kharif,canal,high,rice
107,51,51,27.41,86.5,5.91,1118.93,Maharashtra,Kharif,canal,high,rice
95,46,51,27.47,85.5,6.05,1146.58,Maharashtra,Kharif,canal,high,rice
113,49,48,28.06,80.71,5.66,1347.63,Maharashtra,Kharif,canal,high,rice
89,56,58,27.07,85.68,6.24,1166.65,Maharashtra,Kharif,canal,high,rice
109,47,48,26.57,85.8,6.25,1201.99,Maharashtra,Kharif,canal,high,rice
93,45,52,29.65,85.92,5.78,1320.77,Maharashtra,Kharif,canal,high,rice
101,48,45,29.14,79.08,6.14,1167.03,Maharashtra,Kharif,canal,high,rice
99,58,46,26.71,84.7,6.02,1169.77,Maharashtra,Kharif,canal,high,rice
91,46,56,27.59,86.05,5.82,1142.56,Maharashtra,Kharif,canal,high,rice
115,49,48,28.78,83.31,5.72,1226.28,Maharashtra,Kharif,canal,high,rice
103,51,60,27.89,79.45,6.0,1229.73,Maharashtra,Kharif,canal,high,rice
103,51,50,27.44,86.43,5.74,1106.54,Maharashtra,Kharif,canal,high,rice
125,46,51,25.76,85.27,5.62,1169.69,Maharashtra,Kharif,canal,high,rice
110,52,53,25.43,89.29,5.54,1416.07,Maharashtra,Kharif,canal,high,rice
110,53,46,27.68,83.9,5.91,1193.77,Maharashtra,Kharif,canal,high,rice
87,56,50,26.93,83.69,6.01,1113.28,Maharashtra,Kharif,canal,high,rice
86,52,53,27.27,82.32,5.93,1041.93,Maharashtra,Kharif,canal,high,rice
95,46,54,27.08,83.95,6.49,1269.06,Maharashtra,Kharif,canal,high,rice
105,48,47,24.95,87.26,6.03,1202.6,Maharashtra,Kharif,canal,high,rice
101,54,42,26.81,82.35,6.43,1334.46,Maharashtra,Kharif,canal,high,rice
86,42,49,26.95,81.91,6.48,1264.07,Maharashtra,Kharif,canal,high,rice
106,47,54,27.06,84.34,6.08,1021.38,Maharashtra,Kharif,canal,high,rice
114,51,56,26.25,82.85,5.55,1256.29,Maharashtra,Kharif,canal,high,rice
103,48,45,26.02,84.89,5.76,1139.3,Maharashtra,Kharif,canal,high,rice
114,50,56,26.88,85.57,5.88,1012.8,Maharashtra,Kharif,canal,high,rice
113,49,54,26.62,84.62,5.64,1379.5,Maharashtra,Kharif,canal,high,rice
105,52,57,28.85,86.79,5.47,1138.04,Maharashtra,Kharif,canal,high,rice
95,54,51,25.88,84.56,5.45,1218.36,Maharashtra,Kharif,canal,high,rice
90,53,52,29.73,86.98,5.77,1327.26,Maharashtra,Kharif,canal,high,rice
92,45,52,24.98,84.91,5.59,1237.66,Maharashtra,Kharif,canal,high,rice
94,52,50,29.13,85.02,5.67,1194.14,Maharashtra,Kharif,canal,high,rice
92,52,53,30.38,83.55,5.82,1153.03,Maharashtra,Kharif,canal,high,rice
104,52,50,28.77,83.56,6.2,1292.31,Maharashtra,Kharif,canal,high,rice
102,48,62,26.55,85.7,5.67,1448.2,Maharashtra,Kharif,canal,high,rice
109,47,53,27.8,83.79,6.13,1273.66,Maharashtra,Kharif,canal,high,rice
104,50,52,27.77,85.14,5.71,1436.72,Maharashtra,Kharif,canal,high,rice
95,52,48,29.55,82.89,5.68,1103.77,Maharashtra,Kharif,canal,high,rice
105,43,48,24.99,85.56,5.75,1038.99,Maharashtra,Kharif,canal,high,rice
111,43,54,26.68,88.74,6.12,1098.99,Maharashtra,Kharif,canal,high,rice
96,53,49,27.3,87.97,5.68,1236.41,Maharashtra,Kharif,canal,high,rice
110,54,49,27.16,80.94,5.58,1264.79,Maharashtra,Kharif,canal,high,rice
101,50,55,26.11,84.45,5.96,1136.98,Maharashtra,Kharif,canal,high,rice
113,55,51,29.59,81.5,5.9,1270.79,Maharashtra,Kharif,canal,high,rice
96,52,44,28.31,87.47,5.98,993.4,Maharashtra,Kharif,canal,high,rice
95,53,50,24.36,87.9,5.94,1122.62,Maharashtra,Kharif,canal,high,rice
110,47,47,27.92,89.16,6.39,1269.96,Maharashtra,Kharif,canal,high,rice
106,54,44,28.25,83.29,6.0,1196.57,Maharashtra,Kharif,canal,high,rice
106,51,35,27.71,86.5,6.03,1212.18,Maharashtra,Kharif,canal,high,rice
115,52,52,28.72,85.85,5.63,920.21,Maharashtra,Kharif,canal,high,rice
99,54,48,28.43,85.35,6.29,1188.1,Maharashtra,Kharif,canal,high,rice
106,53,58,25.51,83.93,6.15,1418.24,Maharashtra,Kharif,canal,high,rice
104,49,54,28.51,84.16,6.0,1372.57,Maharashtra,Kharif,canal,high,rice
117,54,50,27.44,86.3,5.87,1248.71,Maharashtra,Kharif,canal,high,rice
95,56,44,27.0,85.23,6.5,1172.16,Maharashtra,Kharif,canal,high,rice
98,47,58,24.22,82.66,6.72,1298.86,Maharashtra,Kharif,canal,high,rice
94,50,50,28.49,89.29,6.02,1157.53,Maharashtra,Kharif,canal,high,rice
108,47,45,25.45,81.35,5.63,1077.78,Maharashtra,Kharif,canal,high,rice
105,44,35,26.28,83.9,5.72,1414.94,Maharashtra,Kharif,canal,high,rice
98,54,50,27.45,83.05,5.88,1129.36,Maharashtra,Kharif,canal,high,rice
104,49,45,28.66,86.0,5.77,1243.19,Maharashtra,Kharif,canal,high,rice
102,46,50,26.78,82.8,5.41,1180.17,Maharashtra,Kharif,canal,high,rice
107,47,63,28.53,88.04,6.14,1456.61,Maharashtra,Kharif,canal,high,rice
97,37,48,28.15,85.35,5.98,1390.11,Maharashtra,Kharif,canal,high,rice
105,54,45,26.22,88.77,5.93,1147.1,Maharashtra,Kharif,canal,high,rice
98,47,46,26.0,81.5,5.84,1150.88,Maharashtra,Kharif,canal,high,rice
111,51,51,26.63,84.72,6.01,1314.52,Maharashtra,Kharif,canal,high,rice
102,55,50,28.42,83.86,5.36,1258.54,Maharashtra,Kharif,canal,high,rice
108,53,52,27.09,83.12,6.07,1278.31,Maharashtra,Kharif,canal,high,rice
98,56,46,26.82,88.82,6.16,1180.25,Maharashtra,Kharif,canal,high,rice
105,51,36,26.44,84.88,5.79,1255.89,Maharashtra,Kharif,canal,high,rice
111,48,45,27.88,84.24,5.85,1188.53,Maharashtra,Kharif,canal,high,rice
119,39,48,27.5,83.18,6.17,1326.66,Maharashtra,Kharif,canal,high,rice
102,49,49,27.38,84.82,5.84,1256.56,Maharashtra,Kharif,canal,high,rice
108,44,45,25.46,87.02,5.98,1288.16,Maharashtra,Kharif,canal,high,rice
92,59,47,27.7,86.99,5.6,1156.71,Maharashtra,Kharif,canal,high,rice
104,64,52,29.37,87.81,6.01,1101.35,Maharashtra,Kharif,canal,high,rice
110,43,58,27.73,78.82,5.8,1306.74,Maharashtra,Kharif,canal,high,rice
101,54,46,25.98,84.83,5.91,1181.45,Maharashtra,Kharif,canal,high,rice
112,46,52,27.58,81.37,5.5,1226.49,Maharashtra,Kharif,canal,high,rice
117,53,41,24.0,86.71,5.87,1367.66,Maharashtra,Kharif,canal,high,rice
96,52,54,26.98,84.01,5.91,1292.83,Maharashtra,Kharif,canal,high,rice
102,55,48,25.95,89.61,5.72,1153.94,Maharashtra,Kharif,canal,high,rice
102,50,48,27.48,84.91,5.95,930.31,Maharashtra,Kharif,canal,high,rice
117,49,53,25.89,83.9,5.7,1408.72,Maharashtra,Kharif,canal,high,rice
98,54,47,26.97,84.43,6.29,988.77,Maharashtra,Kharif,canal,high,rice
93,40,45,26.55,81.23,5.68,973.16,Maharashtra,Kharif,canal,high,rice
95,56,52,27.72,82.66,5.44,1082.61,Maharashtra,Kharif,canal,high,rice
102,54,55,28.24,83.28,5.91,1184.83,Maharashtra,Kharif,canal,high,rice
101,60,41,27.23,87.83,5.46,1144.53,Maharashtra,Kharif,canal,high,rice
99,49,42,28.19,86.55,6.05,1116.2,Maharashtra,Kharif,canal,high,rice
103,46,48,30.01,85.22,5.54,1247.54,Maharashtra,Kharif,canal,high,rice
92,44,45,26.98,87.19,6.07,1290.37,Maharashtra,Kharif,canal,high,rice
94,47,51,26.77,84.35,6.03,1181.4,Maharashtra,Kharif,canal,high,rice
104,58,49,28.88,86.31,5.46,1087.23,Maharashtra,Kharif,canal,high,rice
96,46,50,28.22,87.93,5.99,1169.29,Maharashtra,Kharif,canal,high,rice
87,50,50,27.71,89.91,6.27,1323.13,Maharashtra,Kharif,canal,high,rice
95,47,50,26.6,86.17,6.01,1088.96,Maharashtra,Kharif,canal,high,rice
111,51,41,27.44,85.66,6.19,1182.82,Maharashtra,Kharif,canal,high,rice
109,51,43,25.85,87.62,6.26,1265.36,Maharashtra,Kharif,canal,high,rice
114,55,53,26.44,89.04,6.06,1176.77,Maharashtra,Kharif,canal,high,rice
97,51,42,28.32,82.78,6.01,1159.8,Maharashtra,Kharif,canal,high,rice
101,46,49,29.7,88.23,6.01,1221.84,Maharashtra,Kharif,canal,high,rice
109,56,46,27.41,80.75,6.24,1483.13,Maharashtra,Kharif,canal,high,rice
103,39,53,26.45,83.45,6.09,1256.82,Maharashtra,Kharif,canal,high,rice
99,47,51,27.02,82.41,5.8,1267.45,Maharashtra,Kharif,canal,high,rice
101,43,55,24.3,83.96,5.71,1243.52,Maharashtra,Kharif,canal,high,rice
107,56,46,28.18,85.46,5.39,1462.57,Maharashtra,Kharif,canal,high,rice
92,52,52,27.82,83.85,6.15,1029.95,Maharashtra,Kharif,canal,high,rice
102,47,47,28.0,87.51,5.8,1322.59,Maharashtra,Kharif,canal,high,rice
103,46,49,27.15,83.37,6.03,1254.33,Maharashtra,Kharif,canal,high,rice
91,42,52,26.55,85.7,6.13,1066.13,Maharashtra,Kharif,canal,high,rice
92,58,52,27.01,82.82,5.75,1076.18,Maharashtra,Kharif,canal,high,rice
109,46,55,27.03,82.57,5.77,896.98,Maharashtra,Kharif,canal,high,rice
102,49,54,25.3,87.71,6.15,1381.51,Maharashtra,Kharif,canal,high,rice
102,55,43,28.33,83.2,5.4,1084.48,Maharashtra,Kharif,canal,high,rice
103,46,52,25.39,80.04,6.31,1337.98,Maharashtra,Kharif,canal,high,rice
95,50,55,27.99,85.35,6.23,1133.66,Maharashtra,Kharif,canal,high,rice
103,50,49,27.05,85.17,5.91,1093.95,Maharashtra,Kharif,canal,high,rice
109,45,49,27.16,85.84,5.26,1336.36,Maharashtra,Kharif,canal,high,rice
97,56,48,27.44,89.47,5.82,1379.86,Maharashtra,Kharif,canal,high,rice
103,52,50,28.49,83.4,5.6,1145.18,Maharashtra,Kharif,canal,high,rice
103,49,54,29.02,82.72,5.68,1045.47,Maharashtra,Kharif,canal,high,rice
118,52,52,25.94,85.0,6.05,1193.41,Maharashtra,Kharif,canal,high,rice
111,62,45,26.31,82.95,6.38,1355.29,Maharashtra,Kharif,canal,high,rice
101,50,46,28.54,84.11,5.82,1301.1,Maharashtra,Kharif,canal,high,rice
101,49,50,28.43,88.84,6.08,1325.41,Maharashtra,Kharif,canal,high,rice
101,46,53,27.7,81.68,5.8,1214.64,Maharashtra,Kharif,canal,high,rice
99,57,52,29.1,85.61,5.92,1107.93,Maharashtra,Kharif,canal,high,rice
103,50,43,26.87,84.25,6.02,1282.67,Maharashtra,Kharif,canal,high,rice
98,52,49,24.15,83.87,6.22,1014.77,Maharashtra,Kharif,canal,high,rice
103,58,46,27.5,81.96,6.39,1214.58,Maharashtra,Kharif,canal,high,rice
103,57,53,26.48,83.49,6.05,1146.98,Maharashtra,Kharif,canal,high,rice
87,50,43,29.39,85.41,5.63,1137.67,Maharashtra,Kharif,canal,high,rice
88,45,55,30.1,86.69,5.87,1171.01,Maharashtra,Kharif,canal,high,rice
95,60,49,29.97,88.25,5.38,1141.76,Maharashtra,Kharif,canal,high,rice
97,50,50,31.0,82.49,5.97,1302.06,Maharashtra,Kharif,canal,high,rice
102,51,45,27.62,86.19,6.0,1296.28,Maharashtra,Kharif,canal,high,rice
113,55,50,26.13,83.6,5.83,1256.54,Maharashtra,Kharif,canal,high,rice
99,45,44,25.57,84.45,5.46,1099.93,Maharashtra,Kharif,canal,high,rice
100,43,52,28.36,83.72,5.77,1292.18,Maharashtra,Kharif,canal,high,rice
97,46,56,28.53,86.4,6.18,977.84,Maharashtra,Kharif,canal,high,rice
113,52,55,27.95,85.11,5.82,1270.89,Maharashtra,Kharif,canal,high,rice
100,54,42,26.87,89.77,5.71,1195.16,Maharashtra,Kharif,canal,high,rice
96,52,46,27.28,86.98,5.69,1323.58,Maharashtra,Kharif,canal,high,rice
109,55,51,31.0,87.46,6.0,1115.51,Maharashtra,Kharif,canal,high,rice
102,57,59,29.22,86.83,5.52,1285.9,Maharashtra,Kharif,canal,high,rice
93,43,51,28.11,87.11,6.05,1291.45,Maharashtra,Kharif,canal,high,rice
95,49,42,25.16,86.73,5.67,1334.06,Maharashtra,Kharif,canal,high,rice
111,47,53,26.73,80.69,5.94,1166.14,Maharashtra,Kharif,canal,high,rice
99,60,42,27.95,82.68,6.17,1262.3,Maharashtra,Kharif,canal,high,rice
105,45,46,28.58,89.13,6.04,1112.82,Maharashtra,Kharif,canal,high,rice
105,62,51,29.21,83.27,5.89,1302.45,Maharashtra,Kharif,canal,high,rice
105,46,46,28.65,87.78,6.35,1450.49,Maharashtra,Kharif,canal,high,rice
104,48,57,28.33,82.71,5.59,1286.49,Maharashtra,Kharif,canal,high,rice
101,50,55,28.39,88.1,5.32,1256.67,Maharashtra,Kharif,canal,high,rice
108,42,47,26.52,85.05,6.39,1477.82,Maharashtra,Kharif,canal,high,rice
96,53,53,27.95,85.93,5.99,1435.95,Maharashtra,Kharif,canal,high,rice
111,45,54,28.54,85.73,6.24,1248.51,Maharashtra,Kharif,canal,high,rice
104,51,40,27.41,83.44,5.54,1404.25,Maharashtra,Kharif,canal,high,rice
106,50,47,27.85,87.31,5.65,1224.4,Maharashtra,Kharif,canal,high,rice
109,40,50,27.0,84.69,5.75,1242.2,Maharashtra,Kharif,canal,high,rice
117,48,51,29.83,83.72,6.44,1225.67,Maharashtra,Kharif,canal,high,rice
116,54,52,27.42,83.54,5.92,1337.17,Maharashtra,Kharif,canal,high,rice
102,48,49,28.66,87.86,5.7,1141.43,Maharashtra,Kharif,canal,high,rice
105,58,56,26.04,84.38,5.62,1191.56,Maharashtra,Kharif,canal,high,rice
115,43,42,26.53,85.67,6.09,1279.68,Maharashtra,Kharif,canal,high,rice
111,41,56,27.14,86.71,5.5,1225.62,Maharashtra,Kharif,canal,high,rice
104,56,42,27.54,82.47,6.05,1322.15,Maharashtra,Kharif,canal,high,rice
112,47,55,29.09,81.17,6.08,1344.81,Maharashtra,Kharif,canal,high,rice
101,44,55,26.1,84.58,5.89,1314.44,Maharashtra,Kharif,canal,high,rice
98,47,50,28.67,90.34,5.45,1264.42,Maharashtra,Kharif,canal,high,rice
94,55,45,26.71,83.63,5.88,1265.4,Maharashtra,Kharif,canal,high,rice
106,50,43,28.35,84.88,6.25,1136.53,Maharashtra,Kharif,canal,high,rice
90,50,56,27.69,84.53,5.64,1444.72,Maharashtra,Kharif,canal,high,rice
95,46,53,25.33,87.97,6.09,1337.4,Maharashtra,Kharif,canal,high,rice
107,49,45,27.34,82.72,6.05,1325.85,Maharashtra,Kharif,canal,high,rice
114,52,55,27.15,83.88,6.04,1176.69,Maharashtra,Kharif,canal,high,rice
105,45,46,28.24,87.07,5.6,1308.83,Maharashtra,Kharif,canal,high,rice
99,50,57,28.44,86.86,6.47,1137.02,Maharashtra,Kharif,canal,high,rice
95,46,49,24.75,84.52,5.74,1322.97,Maharashtra,Kharif,canal,high,rice
105,47,53,28.34,83.21,5.75,946.83,Maharashtra,Kharif,canal,high,rice
94,46,50,26.4,83.8,5.53,1246.39,Maharashtra,Kharif,canal,high,rice
106,52,50,25.7,83.55,5.78,1174.59,Maharashtra,Kharif,canal,high,rice
103,57,54,26.35,86.58,6.09,1124.24,Maharashtra,Kharif,canal,high,rice
109,49,43,28.03,85.51,5.83,1220.32,Maharashtra,Kharif,canal,high,rice
97,53,50,27.69,85.83,5.55,1113.21,Maharashtra,Kharif,canal,high,rice
86,53,44,27.65,85.87,6.08,1074.5,Maharashtra,Kharif,canal,high,rice
102,58,59,28.65,85.79,5.6,1314.83,Maharashtra,Kharif,canal,high,rice
101,53,47,27.3,85.38,5.97,1286.72,Maharashtra,Kharif,canal,high,rice
98,43,58,30.4,86.04,5.5,1128.35,Maharashtra,Kharif,canal,high,rice
106,57,44,27.35,85.46,6.16,1182.05,Maharashtra,Kharif,canal,high,rice
91,53,56,27.4,85.95,5.76,1119.28,Maharashtra,Kharif,canal,high,rice
110,52,52,29.25,82.54,5.73,1244.74,Maharashtra,Kharif,canal,high,rice
98,54,49,26.34,85.15,5.95,1341.84,Maharashtra,Kharif,canal,high,rice
105,52,52,27.28,83.33,5.99,1183.36,Maharashtra,Kharif,canal,high,rice
115,57,53,27.94,84.79,5.52,1197.98,Maharashtra,Kharif,canal,high,rice
103,51,52,28.57,83.38,5.7,1406.36,Maharashtra,Kharif,canal,high,rice
108,48,49,27.38,85.07,6.04,1541.87,Maharashtra,Kharif,canal,high,rice
104,53,42,26.93,87.87,6.02,850.0,Maharashtra,Kharif,canal,high,rice
108,60,40,29.27,78.53,6.18,1223.92,Maharashtra,Kharif,canal,high,rice
85,52,56,27.92,86.36,5.78,992.33,Maharashtra,Kharif,canal,high,rice
108,59,56,25.18,81.47,5.65,1025.88,Maharashtra,Kharif,canal,high,rice
103,52,43,28.41,86.4,5.74,1203.43,Maharashtra,Kharif,canal,high,rice
88,48,50,27.7,85.88,5.97,1191.96,Maharashtra,Kharif,canal,high,rice
105,55,50,27.87,84.57,5.71,1290.36,Maharashtra,Kharif,canal,high,rice
98,52,50,27.15,84.23,5.75,1019.27,Maharashtra,Kharif,canal,high,rice
105,51,54,26.88,89.42,5.79,1115.61,Maharashtra,Kharif,canal,high,rice
95,41,58,29.1,86.4,5.63,1451.41,Maharashtra,Kharif,canal,high,rice
100,49,57,28.27,90.14,5.97,1175.37,Maharashtra,Kharif,canal,high,rice
98,41,49,28.84,86.4,5.91,1100.63,Maharashtra,Kharif,canal,high,rice
104,55,52,27.69,83.14,6.16,850.0,Maharashtra,Kharif,canal,high,rice
105,63,42,27.22,84.98,5.76,1354.55,Maharashtra,Kharif,canal,high,rice
106,51,54,27.52,92.0,5.95,1249.41,Maharashtra,Kharif,canal,high,rice
90,47,56,25.94,79.97,5.91,1396.34,Maharashtra,Kharif,canal,high,rice
103,48,41,28.03,86.54,5.37,1366.82,Maharashtra,Kharif,canal,high,rice
108,56,53,28.26,86.22,6.16,997.66,Maharashtra,Kharif,canal,high,rice
91,46,49,27.95,85.76,6.24,1368.56,Maharashtra,Kharif,canal,high,rice
96,51,46,27.28,85.75,5.0,1526.41,Maharashtra,Kharif,canal,high,rice
107,47,60,27.09,85.31,5.75,1431.5,Maharashtra,Kharif,canal,high,rice
102,51,56,28.18,84.87,6.23,1542.31,Maharashtra,Kharif,canal,high,rice
105,51,51,29.03,83.6,5.82,1032.82,Maharashtra,Kharif,canal,high,rice
94,47,50,29.56,86.25,5.63,1134.0,Maharashtra,Kharif,canal,high,rice
113,56,50,26.98,87.62,5.6,1274.0,Maharashtra,Kharif,canal,high,rice
120,51,46,27.98,83.9,5.48,1312.63,Maharashtra,Kharif,canal,high,rice
111,48,48,26.38,84.65,5.73,1098.62,Maharashtra,Kharif,canal,high,rice
117,52,53,28.53,86.8,5.78,1259.07,Maharashtra,Kharif,canal,high,rice
100,52,52,27.05,81.9,5.94,1199.47,Maharashtra,Kharif,canal,high,rice
88,53,55,30.45,84.09,5.74,1086.32,Maharashtra,Kharif,canal,high,rice
104,51,46,27.3,80.38,6.18,1128.67,Maharashtra,Kharif,canal,high,rice
102,43,47,27.17,84.97,6.04,1404.88,Maharashtra,Kharif,canal,high,rice
108,55,57,28.16,84.91,6.2,1359.13,Maharashtra,Kharif,canal,high,rice
107,43,46,27.18,86.82,5.89,1367.11,Maharashtra,Kharif,canal,high,rice
112,56,56,26.29,86.13,5.72,1018.87,Maharashtra,Kharif,canal,high,rice
100,57,52,29.85,85.41,6.63,1247.19,Maharashtra,Kharif,canal,high,rice
103,44,56,26.91,83.49,6.28,1369.78,Maharashtra,Kharif,canal,high,rice
111,48,50,27.43,86.83,6.37,1271.02,Maharashtra,Kharif,canal,high,rice
117,54,49,28.47,88.98,6.5,1373.36,Maharashtra,Kharif,canal,high,rice
103,49,53,29.45,86.01,6.04,1231.42,Maharashtra,Kharif,canal,high,rice
100,49,51,29.5,84.44,5.92,1116.83,Maharashtra,Kharif,canal,high,rice
108,57,58,27.74,86.34,5.85,1291.0,Maharashtra,Kharif,canal,high,rice
105,50,51,28.03,84.31,5.83,1438.42,Maharashtra,Kharif,canal,high,rice
123,44,44,26.38,84.76,6.17,1298.91,Maharashtra,Kharif,canal,high,rice
104,53,47,27.22,84.95,5.42,1079.84,Maharashtra,Kharif,canal,high,rice
94,54,51,28.21,80.71,5.45,1307.9,Maharashtra,Kharif,canal,high,rice
82,56,41,28.48,82.93,6.21,1600.0,Maharashtra,Kharif,canal,high,rice
85,53,41,28.0,84.52,5.94,1111.04,Maharashtra,Kharif,canal,high,rice
108,43,56,27.02,81.73,6.38,1216.58,Maharashtra,Kharif,canal,high,rice
117,56,46,27.4,85.28,6.36,1279.69,Maharashtra,Kharif,canal,high,rice
104,49,50,29.02,85.01,5.78,1154.44,Maharashtra,Kharif,canal,high,rice
98,43,46,29.25,84.52,6.11,915.16,Maharashtra,Kharif,canal,high,rice
107,49,48,27.71,83.84,5.26,1340.28,Maharashtra,Kharif,canal,high,rice
104,48,45,25.79,85.52,6.38,1250.4,Maharashtra,Kharif,canal,high,rice
92,51,50,28.51,86.42,5.0,1293.16,Maharashtra,Kharif,canal,high,rice
95,43,49,27.98,81.17,6.11,1320.42,Maharashtra,Kharif,canal,high,rice
103,46,45,28.7,81.47,6.22,1204.35,Maharashtra,Kharif,canal,high,rice
102,41,49,28.22,81.88,6.05,1236.13,Maharashtra,Kharif,canal,high,rice
98,54,39,27.9,88.78,6.33,1273.73,Maharashtra,Kharif,canal,high,rice
100,47,48,28.13,83.12,6.13,1491.65,Maharashtra,Kharif,canal,high,rice
102,43,43,28.41,84.86,6.16,1158.3,Maharashtra,Kharif,canal,high,rice
109,49,46,27.03,82.21,6.5,1212.95,Maharashtra,Kharif,canal,high,rice
107,47,45,27.23,87.57,5.74,1116.18,Maharashtra,Kharif,canal,high,rice
104,52,58,27.91,86.5,6.12,1080.87,Maharashtra,Kharif,canal,high,rice
95,45,43,28.43,85.68,5.92,900.91,Maharashtra,Kharif,canal,high,rice
118,46,60,25.81,83.1,5.24,1270.27,Maharashtra,Kharif,canal,high,rice
94,45,43,28.41,86.66,6.44,1139.29,Maharashtra,Kharif,canal,high,rice
104,44,48,26.89,86.08,6.21,1348.88,Maharashtra,Kharif,canal,high,rice
96,55,50,27.12,83.35,5.73,1442.79,Maharashtra,Kharif,canal,high,rice
105,51,49,30.35,88.05,5.68,1190.8,Maharashtra,Kharif,canal,high,rice
101,51,46,28.01,88.39,5.51,1083.98,Maharashtra,Kharif,canal,high,rice
99,48,60,28.67,87.2,5.82,1189.21,Maharashtra,Kharif,canal,high,rice
92,54,52,29.0,84.51,5.86,1246.26,Maharashtra,Kharif,canal,high,rice
109,43,54,27.48,82.53,5.27,1207.94,Maharashtra,Kharif,canal,high,rice
113,58,52,29.79,84.9,6.19,1168.6,Maharashtra,Kharif,canal,high,rice
99,47,40,29.0,83.5,5.66,1077.5,Maharashtra,Kharif,canal,high,rice
101,59,60,25.56,84.17,5.59,1348.54,Maharashtra,Kharif,canal,high,rice
105,47,50,26.94,88.77,6.06,1308.73,Maharashtra,Kharif,canal,high,rice
82,50,60,29.05,80.69,5.81,1074.81,Maharashtra,Kharif,canal,high,rice
115,51,46,27.54,78.92,5.57,1229.56,Maharashtra,Kharif,canal,high,rice
109,40,48,28.68,81.61,5.97,1233.25,Maharashtra,Kharif,canal,high,rice
115,49,49,28.5,81.91,5.83,1168.03,Maharashtra,Kharif,canal,high,rice
101,54,53,26.63,85.32,6.35,1121.08,Maharashtra,Kharif,canal,high,rice
104,49,50,25.6,88.29,5.67,1353.26,Maharashtra,Kharif,canal,high,rice
98,47,56,28.66,85.49,6.13,1188.93,Maharashtra,Kharif,canal,high,rice
102,47,55,26.69,88.47,5.81,1227.56,Maharashtra,Kharif,canal,high,rice
108,50,49,27.46,87.09,5.7,1209.22,Maharashtra,Kharif,canal,high,rice
103,54,50,29.61,84.63,5.83,1203.62,Maharashtra,Kharif,canal,high,rice
93,45,47,28.83,84.92,5.75,1378.32,Maharashtra,Kharif,canal,high,rice
114,56,46,26.92,89.23,5.97,1191.55,Maharashtra,Kharif,canal,high,rice
108,55,47,27.76,87.16,5.55,1226.54,Maharashtra,Kharif,canal,high,rice
94,45,47,28.06,84.25,5.71,1231.44,Maharashtra,Kharif,canal,high,rice
94,52,56,27.41,84.53,6.01,971.44,Maharashtra,Kharif,canal,high,rice
107,65,49,27.36,86.74,6.39,1346.87,Maharashtra,Kharif,canal,high,rice
86,53,63,28.23,82.31,5.98,1064.91,Maharashtra,Kharif,canal,high,rice
112,45,50,26.5,83.72,6.35,1237.93,Maharashtra,Kharif,canal,high,rice
98,44,41,26.04,85.26,6.19,1154.96,Maharashtra,Kharif,canal,high,rice
114,46,49,28.56,74.63,6.53,522.23,Maharashtra,Summer,canal,high,rice
100,56,43,30.76,75.48,5.92,657.1,Maharashtra,Summer,canal,high,rice
116,60,50,29.29,67.63,6.19,544.98,Maharashtra,Summer,canal,high,rice
101,51,47,30.37,80.4,5.86,599.6,Maharashtra,Summer,canal,high,rice
110,51,57,30.22,70.09,5.36,530.52,Maharashtra,Summer,canal,high,rice
89,52,43,31.67,71.11,5.83,575.78,Maharashtra,Summer,canal,high,rice
107,46,45,31.58,72.3,5.83,662.42,Maharashtra,Summer,canal,high,rice
103,52,46,32.76,68.87,6.37,613.98,Maharashtra,Summer,canal,high,rice
109,54,56,28.88,74.94,6.45,609.91,Maharashtra,Summer,canal,high,rice
103,47,48,32.28,67.32,5.62,718.97,Maharashtra,Summer,canal,high,rice
107,61,48,30.17,68.58,5.94,521.51,Maharashtra,Summer,canal,high,rice
108,52,50,29.48,67.72,6.12,556.69,Maharashtra,Summer,canal,high,rice
106,60,57,27.99,69.03,6.03,620.9,Maharashtra,Summer,canal,high,rice
92,52,50,32.55,70.07,6.25,551.09,Maharashtra,Summer,canal,high,rice
95,54,55,28.72,71.09,5.49,614.43,Maharashtra,Summer,canal,high,rice
109,48,49,28.49,68.62,6.43,629.25,Maharashtra,Summer,canal,high,rice
95,48,42,28.65,75.99,5.86,735.29,Maharashtra,Summer,canal,high,rice
102,50,53,26.44,71.75,5.89,711.69,Maharashtra,Summer,canal,high,rice
110,44,56,29.65,67.68,5.96,613.17,Maharashtra,Summer,canal,high,rice
114,52,51,31.2,75.01,6.14,707.8,Maharashtra,Summer,canal,high,rice
107,51,56,29.88,71.12,6.42,719.61,Maharashtra,Summer,canal,high,rice
102,48,57,31.07,72.16,5.8,644.35,Maharashtra,Summer,canal,high,rice
102,47,51,30.35,69.62,6.17,700.18,Maharashtra,Summer,canal,high,rice
110,49,54,30.1,66.47,6.1,633.52,Maharashtra,Summer,canal,high,rice
122,57,54,30.33,71.6,5.6,523.56,Maharashtra,Summer,canal,high,rice
96,50,39,29.27,70.09,5.84,586.4,Maharashtra,Summer,canal,high,rice
100,59,53,29.25,70.75,5.89,580.2,Maharashtra,Summer,canal,high,rice
97,55,48,28.54,70.84,5.94,509.93,Maharashtra,Summer,canal,high,rice
102,54,52,32.97,75.59,6.33,788.34,Maharashtra,Summer,canal,high,rice
108,51,55,29.25,71.39,5.71,648.22,Maharashtra,Summer,canal,high,rice
98,47,52,29.82,63.93,5.46,558.08,Maharashtra,Summer,canal,high,rice
96,52,51,31.42,73.76,6.22,660.49,Maharashtra,Summer,canal,high,rice
104,55,55,30.5,75.66,5.2,608.06,Maharashtra,Summer,canal,high,rice
100,56,58,28.07,76.17,5.55,558.43,Maharashtra,Summer,canal,high,rice
101,48,42,30.87,73.49,6.22,599.72,Maharashtra,Summer,canal,high,rice
102,50,58,26.22,67.49,5.9,561.68,Maharashtra,Summer,canal,high,rice
101,49,47,30.09,73.3,5.83,598.56,Maharashtra,Summer,canal,high,rice
101,50,41,30.62,69.35,6.28,659.48,Maharashtra,Summer,canal,high,rice
111,45,48,28.34,68.41,6.28,711.77,Maharashtra,Summer,canal,high,rice
94,48,50,30.78,64.55,5.42,653.56,Maharashtra,Summer,canal,high,rice
88,48,51,30.55,70.48,5.79,674.27,Maharashtra,Summer,canal,high,rice
105,47,50,30.51,77.3,6.14,695.85,Maharashtra,Summer,canal,high,rice
98,47,49,29.81,67.3,6.28,676.53,Maharashtra,Summer,canal,high,rice
100,53,51,30.96,66.07,5.86,621.61,Maharashtra,Summer,canal,high,rice
107,47,38,28.56,70.78,5.92,723.22,Maharashtra,Summer,canal,high,rice
107,50,50,31.47,68.84,5.86,561.46,Maharashtra,Summer,canal,high,rice
113,52,46,29.85,72.87,5.82,593.82,Maharashtra,Summer,canal,high,rice
98,52,48,29.39,66.1,5.92,614.43,Maharashtra,Summer,canal,high,rice
100,51,54,30.94,73.03,5.83,591.93,Maharashtra,Summer,canal,high,rice
95,47,50,28.95,71.35,5.61,528.11,Maharashtra,Summer,canal,high,rice
109,48,46,28.54,72.55,6.31,601.49,Maharashtra,Summer,canal,high,rice
101,55,41,32.62,79.96,5.09,619.31,Maharashtra,Summer,canal,high,rice
97,49,48,31.08,70.59,5.63,614.96,Maharashtra,Summer,canal,high,rice
106,44,42,32.66,68.64,5.86,601.8,Maharashtra,Summer,canal,high,rice
107,59,53,27.98,65.92,5.78,609.35,Maharashtra,Summer,canal,high,rice
90,54,45,31.99,77.68,5.83,650.61,Maharashtra,Summer,canal,high,rice
93,53,48,28.55,69.94,5.76,606.03,Maharashtra,Summer,canal,high,rice
110,46,59,28.23,76.92,5.6,624.94,Maharashtra,Summer,canal,high,rice
99,48,54,32.0,75.37,5.78,635.75,Maharashtra,Summer,canal,high,rice
97,45,44,29.42,71.92,5.33,622.3,Maharashtra,Summer,canal,high,rice
114,56,47,28.14,72.69,5.2,689.76,Maharashtra,Summer,canal,high,rice
101,59,41,31.22,70.63,5.8,545.09,Maharashtra,Summer,canal,high,rice
107,53,59,31.34,68.82,5.6,545.17,Maharashtra,Summer,canal,high,rice
114,46,57,30.7,72.21,5.81,663.54,Maharashtra,Summer,canal,high,rice
102,48,53,29.81,68.07,6.08,621.27,Maharashtra,Summer,canal,high,rice
106,48,44,32.31,76.67,6.17,602.38,Maharashtra,Summer,canal,high,rice
100,57,48,29.16,77.86,5.89,728.16,Maharashtra,Summer,canal,high,rice
92,53,60,30.04,70.03,5.55,688.14,Maharashtra,Summer,canal,high,rice
97,50,44,32.08,75.23,5.89,557.67,Maharashtra,Summer,canal,high,rice
114,48,44,27.65,68.63,5.46,588.67,Maharashtra,Summer,canal,high,rice
108,48,52,29.04,71.24,6.48,604.67,Maharashtra,Summer,canal,high,rice
105,42,58,29.36,74.85,5.86,660.68,Maharashtra,Summer,canal,high,rice
108,48,55,28.99,73.85,5.78,645.39,Maharashtra,Summer,canal,high,rice
99,50,45,30.33,71.16,5.74,621.79,Maharashtra,Summer,canal,high,rice
104,47,49,28.66,79.6,6.22,640.93,Maharashtra,Summer,canal,high,rice
111,40,37,29.47,65.95,5.83,637.0,Maharashtra,Summer,canal,high,rice
109,44,52,30.02,72.27,5.74,705.68,Maharashtra,Summer,canal,high,rice
102,59,46,30.99,70.78,5.8,661.89,Maharashtra,Summer,canal,high,rice
100,37,35,31.7,75.51,6.47,623.98,Maharashtra,Summer,canal,high,rice
93,48,50,28.66,77.04,6.57,652.9,Maharashtra,Summer,canal,high,rice
102,44,58,30.1,69.94,6.04,590.83,Maharashtra,Summer,canal,high,rice
104,43,55,29.86,75.25,5.84,617.06,Maharashtra,Summer,canal,high,rice
93,54,46,29.35,71.0,5.94,525.48,Maharashtra,Summer,canal,high,rice
101,54,48,29.7,71.6,5.86,564.89,Maharashtra,Summer,canal,high,rice
102,55,45,29.5,65.93,6.18,619.61,Maharashtra,Summer,canal,high,rice
96,50,44,28.62,65.65,5.58,704.18,Maharashtra,Summer,canal,high,rice
97,52,46,31.01,67.24,5.91,628.08,Maharashtra,Summer,canal,high,rice
120,53,47,30.91,78.84,5.41,575.86,Maharashtra,Summer,canal,high,rice
101,48,48,28.26,76.15,5.47,613.32,Maharashtra,Summer,canal,high,rice
110,50,45,28.2,70.16,5.67,636.97,Maharashtra,Summer,canal,high,rice
92,54,51,30.25,76.28,5.77,582.66,Maharashtra,Summer,canal,high,rice
98,49,50,28.89,63.58,5.73,645.99,Maharashtra,Summer,canal,high,rice
104,56,60,31.01,76.07,6.13,724.74,Maharashtra,Summer,canal,high,rice
116,55,54,29.73,70.85,5.8,661.24,Maharashtra,Summer,canal,high,rice
97,49,38,32.3,70.19,6.04,710.04,Maharashtra,Summer,canal,high,rice
105,57,44,33.2,74.99,5.96,708.13,Maharashtra,Summer,canal,high,rice
94,49,57,27.51,73.06,6.06,739.87,Maharashtra,Summer,canal,high,rice
91,58,47,29.4,66.52,5.57,648.54,Maharashtra,Summer,canal,high,rice
94,54,47,28.38,69.06,6.0,608.82,Maharashtra,Summer,canal,high,rice
103,53,55,29.59,67.17,5.92,652.45,Maharashtra,Summer,canal,high,rice
92,46,46,29.72,68.21,6.11,531.37,Maharashtra,Summer,canal,high,rice
91,48,49,28.06,68.78,5.78,602.06,Maharashtra,Summer,canal,high,rice
104,47,57,30.65,68.04,5.93,632.23,Maharashtra,Summer,canal,high,rice
112,47,54,30.06,76.47,6.29,636.49,Maharashtra,Summer,canal,high,rice
101,53,49,32.24,71.29,5.78,598.19,Maharashtra,Summer,canal,high,rice
93,53,46,31.46,66.26,5.94,692.1,Maharashtra,Summer,canal,high,rice
86,60,48,30.19,73.1,6.12,640.98,Maharashtra,Summer,canal,high,rice
110,53,59,30.7,78.2,6.17,519.66,Maharashtra,Summer,canal,high,rice
122,47,57,30.04,74.89,5.69,661.5,Maharashtra,Summer,canal,high,rice
101,58,52,31.25,63.07,5.87,648.95,Maharashtra,Summer,canal,high,rice
104,55,48,30.07,75.33,5.22,659.38,Maharashtra,Summer,canal,high,rice
100,45,52,31.64,74.81,5.86,676.08,Maharashtra,Summer,canal,high,rice
109,50,47,29.15,74.07,5.89,563.97,Maharashtra,Summer,canal,high,rice
90,54,47,30.44,75.55,5.51,622.37,Maharashtra,Summer,canal,high,rice
101,52,56,28.23,73.09,6.21,614.13,Maharashtra,Summer,canal,high,rice
101,52,52,30.78,73.06,5.61,682.77,Maharashtra,Summer,canal,high,rice
111,51,43,29.85,71.71,5.56,603.99,Maharashtra,Summer,canal,high,rice
92,53,51,27.81,72.29,5.88,655.12,Maharashtra,Summer,canal,high,rice
100,46,46,29.28,71.07,5.94,613.87,Maharashtra,Summer,canal,high,rice
99,48,63,28.97,68.95,6.8,649.56,Maharashtra,Summer,canal,high,rice
92,54,45,31.21,70.23,5.77,718.87,Maharashtra,Summer,canal,high,rice
107,55,52,29.41,73.24,6.26,632.86,Maharashtra,Summer,canal,high,rice
116,54,51,30.34,71.5,5.52,619.75,Maharashtra,Summer,canal,high,rice
104,48,52,30.03,73.84,6.1,634.75,Maharashtra,Summer,canal,high,rice
92,59,49,29.89,69.74,5.75,715.07,Maharashtra,Summer,canal,high,rice
113,52,49,30.83,71.27,5.84,644.72,Maharashtra,Summer,canal,high,rice
99,51,51,30.8,68.73,6.11,572.13,Maharashtra,Summer,canal,high,rice
98,47,45,31.35,67.45,5.69,698.23,Maharashtra,Summer,canal,high,rice
98,49,45,31.11,74.1,6.12,656.36,Maharashtra,Summer,canal,high,rice
103,47,46,31.72,73.8,5.69,627.32,Maharashtra,Summer,canal,high,rice
100,44,51,29.45,67.51,5.46,533.78,Maharashtra,Summer,canal,high,rice
100,50,46,30.87,70.76,6.07,614.33,Maharashtra,Summer,canal,high,rice
97,51,44,30.72,67.56,6.18,605.26,Maharashtra,Summer,canal,high,rice
110,44,47,30.51,75.29,6.4,627.41,Maharashtra,Summer,canal,high,rice
116,49,55,28.74,72.54,5.2,559.57,Maharashtra,Summer,canal,high,rice
106,43,52,31.21,69.16,5.61,597.34,Maharashtra,Summer,canal,high,rice
95,49,51,29.59,77.14,5.68,706.17,Maharashtra,Summer,canal,high,rice
95,50,56,31.51,69.46,6.07,649.57,Maharashtra,Summer,canal,high,rice
98,53,59,30.63,73.08,6.1,539.78,Maharashtra,Summer,canal,high,rice
106,45,47,32.88,70.07,5.68,692.23,Maharashtra,Summer,canal,high,rice
95,48,56,30.06,65.27,6.06,601.87,Maharashtra,Summer,canal,high,rice
114,47,55,32.37,67.88,5.84,647.67,Maharashtra,Summer,canal,high,rice
96,51,49,29.67,71.18,5.92,634.56,Maharashtra,Summer,canal,high,rice
98,47,49,29.94,69.39,6.0,519.14,Maharashtra,Summer,canal,high,rice
97,49,46,32.17,71.07,5.95,596.81,Maharashtra,Summer,canal,high,rice
102,44,49,28.75,69.98,5.13,559.2,Maharashtra,Summer,canal,high,rice
113,54,57,31.85,73.47,5.76,564.49,Maharashtra,Summer,canal,high,rice
111,50,62,29.51,78.23,5.85,702.94,Maharashtra,Summer,canal,high,rice
115,45,48,28.62,66.49,6.1,613.53,Maharashtra,Summer,canal,high,rice
103,53,41,31.72,69.72,6.06,661.21,Maharashtra,Summer,canal,high,rice
113,49,39,30.08,71.74,5.59,633.6,Maharashtra,Summer,canal,high,rice
100,43,53,29.25,69.51,5.76,697.07,Maharashtra,Summer,canal,high,rice
102,50,48,30.62,75.95,6.09,665.07,Maharashtra,Summer,canal,high,rice
107,43,46,29.73,68.34,5.58,515.79,Maharashtra,Summer,canal,high,rice
92,49,50,28.94,71.29,5.77,688.62,Maharashtra,Summer,canal,high,rice
101,53,51,28.13,70.67,5.53,618.69,Maharashtra,Summer,canal,high,rice
97,52,43,30.02,73.1,6.17,580.42,Maharashtra,Summer,canal,high,rice
103,51,58,28.02,67.66,6.74,609.07,Maharashtra,Summer,canal,high,rice
88,47,36,30.32,73.97,5.63,597.54,Maharashtra,Summer,canal,high,rice
109,41,43,29.7,68.24,5.81,551.28,Maharashtra,Summer,canal,high,rice
104,49,53,30.27,71.76,5.47,653.73,Maharashtra,Summer,canal,high,rice
100,49,55,29.04,75.95,6.33,668.91,Maharashtra,Summer,canal,high,rice
95,39,55,30.15,68.27,6.25,574.74,Maharashtra,Summer,canal,high,rice
99,53,44,29.85,74.99,5.96,697.77,Maharashtra,Summer,canal,high,rice
111,50,38,28.53,73.8,5.43,605.94,Maharashtra,Summer,canal,high,rice
105,57,47,29.14,70.81,6.01,616.0,Maharashtra,Summer,canal,high,rice
110,46,51,30.59,69.53,6.15,633.69,Maharashtra,Summer,canal,high,rice
108,51,52,29.16,68.69,6.27,662.07,Maharashtra,Summer,canal,high,rice
95,51,38,29.23,74.52,5.86,631.88,Maharashtra,Summer,canal,high,rice
80,48,52,30.62,74.53,5.84,615.34,Maharashtra,Summer,canal,high,rice
93,49,44,27.54,67.02,6.35,609.22,Maharashtra,Summer,canal,high,rice
104,47,41,31.25,63.04,5.73,621.81,Maharashtra,Summer,canal,high,rice
104,46,41,28.93,68.25,5.67,681.59,Maharashtra,Summer,canal,high,rice
93,52,51,31.28,70.51,6.14,614.95,Maharashtra,Summer,canal,high,rice
106,42,37,30.5,72.58,6.04,594.38,Maharashtra,Summer,canal,high,rice
114,48,52,30.79,77.3,5.8,586.9,Maharashtra,Summer,canal,high,rice
91,58,52,30.6,82.0,6.0,549.03,Maharashtra,Summer,canal,high,rice
101,45,48,29.46,68.85,5.48,717.9,Maharashtra,Summer,canal,high,rice
105,49,54,30.63,72.01,6.11,632.81,Maharashtra,Summer,canal,high,rice
108,54,51,29.71,76.61,5.76,647.83,Maharashtra,Summer,canal,high,rice
106,47,46,29.53,69.2,5.46,587.0,Maharashtra,Summer,canal,high,rice
104,56,53,26.53,73.35,5.73,651.43,Maharashtra,Summer,canal,high,rice
102,49,49,29.97,75.93,5.89,688.32,Maharashtra,Summer,canal,high,rice
110,53,41,31.49,69.32,6.11,568.27,Maharashtra,Summer,canal,high,rice
94,60,45,31.53,71.43,5.77,622.38,Maharashtra,Summer,canal,high,rice
93,50,45,29.47,74.39,5.98,538.54,Maharashtra,Summer,canal,high,rice
109,50,47,31.0,70.39,5.55,732.79,Maharashtra,Summer,canal,high,rice
102,50,48,31.57,69.08,5.44,585.41,Maharashtra,Summer,canal,high,rice
112,54,49,31.83,73.74,5.82,615.32,Maharashtra,Summer,canal,high,rice
105,46,50,30.41,64.81,5.84,607.32,Maharashtra,Summer,canal,high,rice
110,41,48,29.36,74.52,5.89,729.77,Maharashtra,Summer,canal,high,rice
107,48,51,29.53,74.15,5.5,576.95,Maharashtra,Summer,canal,high,rice
106,56,39,31.83,70.49,5.33,450.0,Maharashtra,Summer,canal,high,rice
91,50,50,30.84,68.99,5.57,600.9,Maharashtra,Summer,canal,high,rice
103,51,46,31.2,68.72,5.64,593.36,Maharashtra,Summer,canal,high,rice
111,49,47,31.23,78.86,5.96,696.97,Maharashtra,Summer,canal,high,rice
110,47,50,28.29,70.25,5.71,601.5,Maharashtra,Summer,canal,high,rice
97,49,53,29.84,64.16,5.68,536.37,Maharashtra,Summer,canal,high,rice
104,53,51,28.95,71.91,5.76,558.6,Maharashtra,Summer,canal,high,rice
108,54,55,29.19,75.32,5.75,663.12,Maharashtra,Summer,canal,high,rice
99,49,38,29.6,71.33,5.78,727.44,Maharashtra,Summer,canal,high,rice
94,47,45,29.25,74.78,6.34,584.12,Maharashtra,Summer,canal,high,rice
97,44,57,31.49,70.61,5.48,548.78,Maharashtra,Summer,canal,high,rice
104,53,40,29.57,76.93,5.83,711.9,Maharashtra,Summer,canal,high,rice
107,45,49,29.83,67.51,5.61,712.89,Maharashtra,Summer,canal,high,rice
95,55,48,29.97,73.06,5.72,658.13,Maharashtra,Summer,canal,high,rice
87,52,38,29.7,74.13,6.09,549.26,Maharashtra,Summer,canal,high,rice
94,47,51,27.29,70.95,5.99,608.49,Maharashtra,Summer,canal,high,rice
106,51,47,27.42,71.49,5.61,591.26,Maharashtra,Summer,canal,high,rice
106,57,50,30.74,65.7,5.97,621.51,Maharashtra,Summer,canal,high,rice
112,47,49,31.41,70.66,5.57,773.85,Maharashtra,Summer,canal,high,rice
94,50,52,30.36,70.3,5.84,611.3,Maharashtra,Summer,canal,high,rice
94,61,49,30.8,69.77,5.79,598.43,Maharashtra,Summer,canal,high,rice
91,49,48,31.56,66.61,5.73,572.59,Maharashtra,Summer,canal,high,rice
113,46,53,31.29,70.46,5.49,545.42,Maharashtra,Summer,canal,high,rice
109,44,52,30.15,72.38,6.04,570.54,Maharashtra,Summer,canal,high,rice
95,54,47,26.33,73.38,5.59,652.25,Maharashtra,Summer,canal,high,rice
113,50,55,30.21,76.82,5.58,624.52,Maharashtra,Summer,canal,high,rice
108,49,56,29.42,78.59,6.54,641.45,Maharashtra,Summer,canal,high,rice
107,56,44,28.25,75.61,5.98,611.79,Maharashtra,Summer,canal,high,rice
103,38,49,29.0,74.37,6.2,658.64,Maharashtra,Summer,canal,high,rice
105,43,53,30.84,75.57,6.54,526.27,Maharashtra,Summer,canal,high,rice
100,46,51,30.02,70.14,6.21,560.75,Maharashtra,Summer,canal,high,rice
95,45,48,28.36,70.82,5.85,579.12,Maharashtra,Summer,canal,high,rice
109,50,55,29.74,70.91,5.73,624.59,Maharashtra,Summer,canal,high,rice
108,48,53,28.92,73.78,5.73,674.68,Maharashtra,Summer,canal,high,rice
103,58,44,28.03,68.74,5.48,544.34,Maharashtra,Summer,canal,high,rice
107,50,48,29.48,68.81,6.4,582.1,Maharashtra,Summer,canal,high,rice
93,54,49,32.72,69.07,6.15,688.13,Maharashtra,Summer,canal,high,rice
99,46,54,30.77,65.83,5.56,477.04,Maharashtra,Summer,canal,high,rice
107,49,49,27.74,66.97,5.76,585.78,Maharashtra,Summer,canal,high,rice
103,53,61,29.97,75.09,5.65,527.29,Maharashtra,Summer,canal,high,rice
100,42,50,28.96,63.83,6.42,593.64,Maharashtra,Summer,canal,high,rice
90,54,46,31.45,68.31,5.74,645.12,Maharashtra,Summer,canal,high,rice
107,54,50,30.7,73.73,5.96,616.68,Maharashtra,Summer,canal,high,rice
92,53,50,29.45,75.69,5.47,720.9,Maharashtra,Summer,canal,high,rice
102,52,48,27.78,70.49,6.0,664.45,Maharashtra,Summer,canal,high,rice
101,39,42,32.74,66.99,6.33,570.51,Maharashtra,Summer,canal,high,rice
101,53,46,32.12,71.28,6.04,609.39,Maharashtra,Summer,canal,high,rice
107,58,49,32.31,68.76,6.13,653.53,Maharashtra,Summer,canal,high,rice
94,51,50,28.86,72.31,5.94,620.77,Maharashtra,Summer,canal,high,rice
102,50,48,30.19,68.64,6.7,542.79,Maharashtra,Summer,canal,high,rice
98,47,60,28.24,72.56,5.97,644.46,Maharashtra,Summer,canal,high,rice
112,56,48,30.26,64.16,5.93,578.68,Maharashtra,Summer,canal,high,rice
101,42,52,27.74,71.54,5.53,575.44,Maharashtra,Summer,canal,high,rice
111,53,56,32.08,68.17,6.35,539.51,Maharashtra,Summer,canal,high,rice
108,48,45,30.82,74.46,6.17,637.53,Maharashtra,Summer,canal,high,rice
103,53,52,30.72,71.75,6.15,530.08,Maharashtra,Summer,canal,high,rice
102,43,51,32.19,69.26,5.94,669.13,Maharashtra,Summer,canal,high,rice
87,47,52,26.14,67.42,6.23,683.51,Maharashtra,Summer,canal,high,rice
105,54,51,30.74,69.84,5.93,588.11,Maharashtra,Summer,canal,high,rice
112,58,57,29.46,67.5,6.28,656.73,Maharashtra,Summer,canal,high,rice
105,47,52,28.55,73.32,6.31,720.14,Maharashtra,Summer,canal,high,rice
108,43,51,32.85,67.82,5.88,707.46,Maharashtra,Summer,canal,high,rice
107,62,46,28.68,75.49,5.54,613.52,Maharashtra,Summer,canal,high,rice
102,55,53,30.61,69.52,6.26,800.0,Maharashtra,Summer,canal,high,rice
108,50,44,29.15,70.22,5.74,624.06,Maharashtra,Summer,canal,high,rice
116,56,49,28.39,75.9,5.89,524.29,Maharashtra,Summer,canal,high,rice
108,55,38,28.9,70.6,6.12,594.91,Maharashtra,Summer,canal,high,rice
96,54,48,30.72,66.92,5.49,669.06,Maharashtra,Summer,canal,high,rice
104,55,47,28.94,75.99,5.44,698.0,Maharashtra,Summer,canal,high,rice
112,54,47,28.91,70.23,5.51,568.9,Maharashtra,Summer,canal,high,rice
107,53,45,30.9,72.67,6.35,658.2,Maharashtra,Summer,canal,high,rice
110,52,55,28.28,70.55,5.89,610.78,Maharashtra,Summer,canal,high,rice
106,53,52,29.76,68.3,6.23,645.4,Maharashtra,Summer,canal,high,rice
95,49,41,30.05,70.27,5.73,717.44,Maharashtra,Summer,canal,high,rice
94,54,61,31.44,70.88,5.56,545.55,Maharashtra,Summer,canal,high,rice
99,47,46,29.56,70.63,6.05,552.8,Maharashtra,Summer,canal,high,rice
97,49,49,32.45,71.85,5.42,649.39,Maharashtra,Summer,canal,high,rice
107,49,44,32.34,67.08,6.1,636.67,Maharashtra,Summer,canal,high,rice
107,59,53,29.26,75.06,5.71,634.54,Maharashtra,Summer,canal,high,rice
93,45,50,30.49,64.76,6.05,577.2,Maharashtra,Summer,canal,high,rice
112,48,44,30.1,67.64,6.28,625.03,Maharashtra,Summer,canal,high,rice
101,53,45,28.28,72.5,5.57,560.83,Maharashtra,Summer,canal,high,rice
109,53,44,29.17,67.69,6.43,677.85,Maharashtra,Summer,canal,high,rice
99,53,43,29.1,71.38,6.04,619.31,Maharashtra,Summer,canal,high,rice
104,50,49,29.61,69.44,5.97,648.96,Maharashtra,Summer,canal,high,rice
104,44,45,30.53,76.4,5.95,600.99,Maharashtra,Summer,canal,high,rice
104,44,57,30.25,68.55,5.85,594.26,Maharashtra,Summer,canal,high,rice
112,49,51,30.76,68.28,5.96,641.01,Maharashtra,Summer,canal,high,rice
91,51,50,30.17,71.13,5.98,703.01,Maharashtra,Summer,canal,high,rice
94,48,53,30.64,72.68,6.73,660.82,Maharashtra,Summer,canal,high,rice
111,48,45,29.58,73.61,6.02,648.52,Maharashtra,Summer,canal,high,rice
101,48,49,30.97,74.08,5.6,669.47,Maharashtra,Summer,canal,high,rice
98,52,49,32.09,69.47,5.95,660.38,Maharashtra,Summer,canal,high,rice
96,50,49,29.31,69.39,6.23,590.08,Maharashtra,Summer,canal,high,rice
107,52,43,30.69,65.82,6.09,595.41,Maharashtra,Summer,canal,high,rice
103,44,51,31.24,68.04,5.72,651.52,Maharashtra,Summer,canal,high,rice
106,38,60,30.7,73.56,5.86,516.77,Maharashtra,Summer,canal,high,rice
108,47,53,29.71,71.87,5.67,675.42,Maharashtra,Summer,canal,high,rice
94,61,61,32.18,75.68,5.87,693.05,Maharashtra,Summer,canal,high,rice
102,42,58,31.51,70.89,5.53,590.8,Maharashtra,Summer,canal,high,rice
89,55,42,30.38,67.91,5.47,638.9,Maharashtra,Summer,canal,high,rice
100,54,44,28.99,62.25,5.24,729.89,Maharashtra,Summer,canal,high,rice
118,50,46,29.6,74.2,5.75,638.86,Maharashtra,Summer,canal,high,rice
102,47,47,30.39,67.42,6.04,597.49,Maharashtra,Summer,canal,high,rice
103,57,49,31.23,64.43,5.76,626.62,Maharashtra,Summer,canal,high,rice
117,40,50,31.94,68.12,5.84,644.35,Maharashtra,Summer,canal,high,rice
104,58,52,31.77,69.68,5.68,611.83,Maharashtra,Summer,canal,high,rice
94,52,48,29.1,72.83,5.56,669.95,Maharashtra,Summer,canal,high,rice
37,59,43,27.24,75.6,6.94,883.25,Maharashtra,Kharif,rainfed,medium,soybean
29,58,45,27.42,77.3,6.56,806.39,Maharashtra,Kharif,rainfed,medium,soybean
44,51,50,26.29,78.41,6.86,896.6,Maharashtra,Kharif,rainfed,medium,soybean
38,54,51,26.44,76.77,6.76,884.35,Maharashtra,Kharif,rainfed,medium,soybean
51,60,45,26.75,72.66,6.71,898.2,Maharashtra,Kharif,rainfed,medium,soybean
46,57,39,27.64,74.7,6.5,975.23,Maharashtra,Kharif,rainfed,medium,soybean
50,54,49,27.4,79.65,6.93,775.42,Maharashtra,Kharif,rainfed,medium,soybean
53,59,42,25.3,76.68,6.68,899.75,Maharashtra,Kharif,rainfed,medium,soybean
45,49,39,26.95,73.22,6.79,774.25,Maharashtra,Kharif,rainfed,medium,soybean
38,57,48,25.58,71.11,6.75,917.08,Maharashtra,Kharif,rainfed,medium,soybean
43,50,46,28.25,75.68,6.34,890.24,Maharashtra,Kharif,rainfed,medium,soybean
54,45,45,26.24,75.32,6.8,960.5,Maharashtra,Kharif,rainfed,medium,soybean
41,60,44,26.09,72.77,6.3,895.68,Maharashtra,Kharif,rainfed,medium,soybean
54,55,48,26.02,74.19,7.0,1025.65,Maharashtra,Kharif,rainfed,medium,soybean
50,57,45,26.74,72.49,6.39,790.49,Maharashtra,Kharif,rainfed,medium,soybean
40,51,38,26.46,73.94,6.46,847.24,Maharashtra,Kharif,rainfed,medium,soybean
38,49,50,24.28,68.38,6.75,882.21,Maharashtra,Kharif,rainfed,medium,soybean
43,49,40,26.49,73.53,7.14,850.68,Maharashtra,Kharif,rainfed,medium,soybean
40,67,44,27.15,77.15,6.93,896.71,Maharashtra,Kharif,rainfed,medium,soybean
41,53,42,26.88,81.76,7.05,897.79,Maharashtra,Kharif,rainfed,medium,soybean
46,47,44,27.61,79.96,6.56,838.73,Maharashtra,Kharif,rainfed,medium,soybean
55,53,54,26.74,75.82,6.67,945.69,Maharashtra,Kharif,rainfed,medium,soybean
49,46,43,27.57,74.57,6.63,950.72,Maharashtra,Kharif,rainfed,medium,soybean
47,50,46,25.09,72.02,6.78,877.36,Maharashtra,Kharif,rainfed,medium,soybean
34,48,40,27.03,68.44,6.5,735.28,Maharashtra,Kharif,rainfed,medium,soybean
43,42,45,28.41,80.58,6.3,897.38,Maharashtra,Kharif,rainfed,medium,soybean
33,46,44,27.93,77.0,6.57,927.88,Maharashtra,Kharif,rainfed,medium,soybean
25,48,41,26.59,74.32,6.71,861.9,Maharashtra,Kharif,rainfed,medium,soybean
40,56,46,26.17,76.34,6.96,833.3,Maharashtra,Kharif,rainfed,medium,soybean
40,59,39,28.61,70.54,6.66,803.74,Maharashtra,Kharif,rainfed,medium,soybean
55,50,42,26.07,75.32,6.67,865.03,Maharashtra,Kharif,rainfed,medium,soybean
20,53,45,27.71,79.36,6.7,936.22,Maharashtra,Kharif,rainfed,medium,soybean
33,57,42,25.12,74.38,7.1,888.58,Maharashtra,Kharif,rainfed,medium,soybean
50,48,50,25.74,75.75,6.8,924.61,Maharashtra,Kharif,rainfed,medium,soybean
42,48,49,28.52,73.05,6.29,912.45,Maharashtra,Kharif,rainfed,medium,soybean
38,52,48,25.97,74.1,6.72,985.23,Maharashtra,Kharif,rainfed,medium,soybean
40,45,39,26.66,71.24,6.36,922.67,Maharashtra,Kharif,rainfed,medium,soybean
45,50,46,26.72,77.01,6.9,679.57,Maharashtra,Kharif,rainfed,medium,soybean
38,56,43,26.54,77.5,6.77,988.09,Maharashtra,Kharif,rainfed,medium,soybean
48,52,44,23.17,73.91,6.41,891.59,Maharashtra,Kharif,rainfed,medium,soybean
41,57,52,26.47,82.6,6.81,776.73,Maharashtra,Kharif,rainfed,medium,soybean
36,50,48,25.39,74.01,6.71,841.39,Maharashtra,Kharif,rainfed,medium,soybean
45,56,51,26.11,79.01,6.41,770.87,Maharashtra,Kharif,rainfed,medium,soybean
32,53,51,25.8,73.41,6.7,917.96,Maharashtra,Kharif,rainfed,medium,soybean
37,49,38,25.83,78.92,6.77,819.51,Maharashtra,Kharif,rainfed,medium,soybean
48,49,52,28.14,75.19,6.38,1046.71,Maharashtra,Kharif,rainfed,medium,soybean
43,51,50,27.32,79.37,6.58,898.89,Maharashtra,Kharif,rainfed,medium,soybean
32,56,45,26.83,74.51,6.69,809.88,Maharashtra,Kharif,rainfed,medium,soybean
45,61,42,27.15,76.44,6.75,760.51,Maharashtra,Kharif,rainfed,medium,soybean
31,48,34,28.14,76.23,6.74,710.73,Maharashtra,Kharif,rainfed,medium,soybean
28,52,55,25.68,77.88,6.63,879.14,Maharashtra,Kharif,rainfed,medium,soybean
48,50,42,28.15,75.15,7.02,823.61,Maharashtra,Kharif,rainfed,medium,soybean
49,54,47,26.65,73.32,6.75,841.81,Maharashtra,Kharif,rainfed,medium,soybean
46,51,38,24.54,69.24,6.9,788.64,Maharashtra,Kharif,rainfed,medium,soybean
42,53,45,27.01,75.53,6.07,850.73,Maharashtra,Kharif,rainfed,medium,soybean
43,62,53,24.91,73.83,6.36,988.99,Maharashtra,Kharif,rainfed,medium,soybean
47,55,46,28.11,79.04,7.04,909.25,Maharashtra,Kharif,rainfed,medium,soybean
38,57,49,26.28,73.83,7.03,999.81,Maharashtra,Kharif,rainfed,medium,soybean
35,51,47,27.07,73.26,7.22,906.66,Maharashtra,Kharif,rainfed,medium,soybean
44,63,43,26.4,70.82,6.71,763.33,Maharashtra,Kharif,rainfed,medium,soybean
45,55,44,26.38,77.54,6.47,890.31,Maharashtra,Kharif,rainfed,medium,soybean
45,42,48,24.55,74.61,6.46,982.34,Maharashtra,Kharif,rainfed,medium,soybean
32,43,46,26.02,69.98,6.88,725.64,Maharashtra,Kharif,rainfed,medium,soybean
33,49,49,28.01,78.68,6.71,692.95,Maharashtra,Kharif,rainfed,medium,soybean
43,61,51,27.04,71.03,6.62,1020.04,Maharashtra,Kharif,rainfed,medium,soybean
31,46,50,26.0,71.06,7.13,909.58,Maharashtra,Kharif,rainfed,medium,soybean
37,46,55,26.47,79.66,6.97,835.93,Maharashtra,Kharif,rainfed,medium,soybean
37,61,52,24.31,76.83,6.72,797.5,Maharashtra,Kharif,rainfed,medium,soybean
42,45,43,25.57,73.33,6.73,798.83,Maharashtra,Kharif,rainfed,medium,soybean
50,55,54,26.31,73.17,7.19,831.65,Maharashtra,Kharif,rainfed,medium,soybean
39,57,39,27.33,76.94,7.07,941.75,Maharashtra,Kharif,rainfed,medium,soybean
49,52,41,28.96,69.91,6.39,917.38,Maharashtra,Kharif,rainfed,medium,soybean
51,54,50,24.17,73.33,6.28,933.53,Maharashtra,Kharif,rainfed,medium,soybean
30,45,48,27.74,74.47,6.89,915.33,Maharashtra,Kharif,rainfed,medium,soybean
39,46,48,27.22,77.98,6.83,787.36,Maharashtra,Kharif,rainfed,medium,soybean
45,52,43,26.16,72.7,6.97,768.64,Maharashtra,Kharif,rainfed,medium,soybean
33,51,53,27.73,69.53,7.09,976.21,Maharashtra,Kharif,rainfed,medium,soybean
32,38,45,27.81,80.3,6.53,1006.4,Maharashtra,Kharif,rainfed,medium,soybean
25,50,43,27.84,79.33,6.99,773.71,Maharashtra,Kharif,rainfed,medium,soybean
46,55,37,24.09,78.46,6.7,778.61,Maharashtra,Kharif,rainfed,medium,soybean
39,55,45,24.69,81.29,7.0,849.85,Maharashtra,Kharif,rainfed,medium,soybean
38,55,39,26.88,70.56,6.73,787.36,Maharashtra,Kharif,rainfed,medium,soybean
33,62,45,26.74,68.3,6.6,909.59,Maharashtra,Kharif,rainfed,medium,soybean
41,40,46,26.93,79.28,6.59,706.84,Maharashtra,Kharif,rainfed,medium,soybean
33,46,49,23.33,73.51,7.11,875.54,Maharashtra,Kharif,rainfed,medium,soybean
46,43,37,28.18,75.34,6.78,791.14,Maharashtra,Kharif,rainfed,medium,soybean
41,46,51,29.68,76.61,6.59,684.98,Maharashtra,Kharif,rainfed,medium,soybean
29,62,40,26.07,77.18,7.12,860.03,Maharashtra,Kharif,rainfed,medium,soybean
37,53,42,25.83,76.37,6.8,1034.87,Maharashtra,Kharif,rainfed,medium,soybean
43,59,40,27.11,72.59,6.85,926.64,Maharashtra,Kharif,rainfed,medium,soybean
40,67,52,27.87,77.55,7.19,767.23,Maharashtra,Kharif,rainfed,medium,soybean
49,47,42,27.15,79.11,6.46,836.56,Maharashtra,Kharif,rainfed,medium,soybean
41,51,49,30.0,76.4,6.57,777.76,Maharashtra,Kharif,rainfed,medium,soybean
38,47,47,27.03,73.46,7.25,819.84,Maharashtra,Kharif,rainfed,medium,soybean
39,56,49,27.99,76.43,7.01,825.12,Maharashtra,Kharif,rainfed,medium,soybean
46,58,53,24.55,71.98,6.96,676.15,Maharashtra,Kharif,rainfed,medium,soybean
43,59,42,26.0,71.42,6.62,838.06,Maharashtra,Kharif,rainfed,medium,soybean
35,48,44,26.17,81.25,6.65,900.81,Maharashtra,Kharif,rainfed,medium,soybean
36,49,36,24.67,70.98,6.8,955.71,Maharashtra,Kharif,rainfed,medium,soybean
28,49,38,26.19,78.59,6.64,871.44,Maharashtra,Kharif,rainfed,medium,soybean
50,55,41,26.69,72.24,6.86,913.65,Maharashtra,Kharif,rainfed,medium,soybean
31,54,44,27.14,77.77,6.87,852.26,Maharashtra,Kharif,rainfed,medium,soybean
46,47,38,23.0,74.77,6.54,904.83,Maharashtra,Kharif,rainfed,medium,soybean
27,49,47,25.3,76.36,6.61,872.54,Maharashtra,Kharif,rainfed,medium,soybean
44,58,45,25.55,73.47,6.91,798.41,Maharashtra,Kharif,rainfed,medium,soybean
39,50,44,25.32,68.83,6.88,947.31,Maharashtra,Kharif,rainfed,medium,soybean
28,55,50,27.2,73.61,6.51,881.07,Maharashtra,Kharif,rainfed,medium,soybean
42,53,44,25.24,76.41,6.87,890.06,Maharashtra,Kharif,rainfed,medium,soybean
41,62,42,28.0,72.55,7.03,967.5,Maharashtra,Kharif,rainfed,medium,soybean
38,62,47,25.48,73.75,7.03,944.23,Maharashtra,Kharif,rainfed,medium,soybean
33,52,46,25.91,82.86,6.81,870.36,Maharashtra,Kharif,rainfed,medium,soybean
48,50,50,24.55,73.49,7.01,992.76,Maharashtra,Kharif,rainfed,medium,soybean
35,47,48,25.77,74.1,6.97,834.19,Maharashtra,Kharif,rainfed,medium,soybean
27,45,45,24.33,74.01,6.4,998.0,Maharashtra,Kharif,rainfed,medium,soybean
54,46,46,25.38,73.97,7.2,840.0,Maharashtra,Kharif,rainfed,medium,soybean
38,47,51,23.0,73.52,6.74,825.42,Maharashtra,Kharif,rainfed,medium,soybean
46,60,38,28.94,70.26,7.07,886.24,Maharashtra,Kharif,rainfed,medium,soybean
37,50,45,26.74,71.93,6.69,817.2,Maharashtra,Kharif,rainfed,medium,soybean
32,48,39,26.01,76.44,6.78,1023.08,Maharashtra,Kharif,rainfed,medium,soybean
25,55,45,27.45,77.39,6.71,887.95,Maharashtra,Kharif,rainfed,medium,soybean
35,56,36,27.41,74.92,6.63,857.56,Maharashtra,Kharif,rainfed,medium,soybean
39,60,60,27.92,73.12,6.91,925.5,Maharashtra,Kharif,rainfed,medium,soybean
34,45,45,27.44,69.63,6.57,917.95,Maharashtra,Kharif,rainfed,medium,soybean
40,61,38,29.24,69.87,6.24,870.58,Maharashtra,Kharif,rainfed,medium,soybean
32,52,45,26.27,72.19,6.86,851.2,Maharashtra,Kharif,rainfed,medium,soybean
47,51,40,24.53,74.43,6.43,773.75,Maharashtra,Kharif,rainfed,medium,soybean
44,42,52,26.69,74.85,6.49,932.33,Maharashtra,Kharif,rainfed,medium,soybean
40,48,46,24.54,69.55,6.47,901.21,Maharashtra,Kharif,rainfed,medium,soybean
40,59,40,27.17,74.62,6.51,903.9,Maharashtra,Kharif,rainfed,medium,soybean
40,49,45,26.35,74.49,6.65,777.13,Maharashtra,Kharif,rainfed,medium,soybean
40,48,40,26.22,77.45,6.8,835.16,Maharashtra,Kharif,rainfed,medium,soybean
36,56,33,27.43,68.75,6.4,836.43,Maharashtra,Kharif,rainfed,medium,soybean
54,62,49,26.92,68.79,6.79,833.81,Maharashtra,Kharif,rainfed,medium,soybean
35,53,43,27.51,68.55,6.77,809.07,Maharashtra,Kharif,rainfed,medium,soybean
37,54,39,26.69,74.29,6.58,839.71,Maharashtra,Kharif,rainfed,medium,soybean
39,48,45,26.18,72.96,7.15,906.14,Maharashtra,Kharif,rainfed,medium,soybean
37,53,40,25.99,73.93,6.44,904.05,Maharashtra,Kharif,rainfed,medium,soybean
37,50,42,29.95,72.79,6.23,755.01,Maharashtra,Kharif,rainfed,medium,soybean
45,60,42,27.99,77.47,6.7,855.47,Maharashtra,Kharif,rainfed,medium,soybean
41,58,47,25.71,74.42,7.25,893.84,Maharashtra,Kharif,rainfed,medium,soybean
46,56,46,26.63,77.99,6.93,894.79,Maharashtra,Kharif,rainfed,medium,soybean
35,55,45,26.14,83.93,6.37,946.89,Maharashtra,Kharif,rainfed,medium,soybean
34,53,58,25.38,72.59,6.75,811.46,Maharashtra,Kharif,rainfed,medium,soybean
46,49,48,24.95,68.98,6.69,757.36,Maharashtra,Kharif,rainfed,medium,soybean
50,44,40,26.98,73.05,6.37,1028.0,Maharashtra,Kharif,rainfed,medium,soybean
33,51,44,27.33,76.54,6.54,850.56,Maharashtra,Kharif,rainfed,medium,soybean
38,57,39,28.85,72.47,6.75,788.0,Maharashtra,Kharif,rainfed,medium,soybean
31,47,40,26.02,71.74,6.92,816.28,Maharashtra,Kharif,rainfed,medium,soybean
34,50,50,26.75,74.67,6.39,789.3,Maharashtra,Kharif,rainfed,medium,soybean
31,60,48,25.49,73.12,6.54,808.56,Maharashtra,Kharif,rainfed,medium,soybean
43,51,55,27.96,79.36,6.92,843.3,Maharashtra,Kharif,rainfed,medium,soybean
44,50,53,26.97,75.87,6.78,1005.52,Maharashtra,Kharif,rainfed,medium,soybean
30,63,44,24.86,72.49,6.34,924.02,Maharashtra,Kharif,rainfed,medium,soybean
33,53,51,25.72,74.11,6.42,845.87,Maharashtra,Kharif,rainfed,medium,soybean
57,57,44,25.79,74.86,6.78,843.57,Maharashtra,Kharif,rainfed,medium,soybean
44,47,40,26.93,71.1,6.93,873.93,Maharashtra,Kharif,rainfed,medium,soybean
28,53,37,27.31,74.17,7.21,955.35,Maharashtra,Kharif,rainfed,medium,soybean
33,41,41,25.08,81.09,6.75,945.01,Maharashtra,Kharif,rainfed,medium,soybean
38,51,45,27.79,76.04,6.49,996.69,Maharashtra,Kharif,rainfed,medium,soybean
38,50,31,27.24,75.34,6.77,844.79,Maharashtra,Kharif,rainfed,medium,soybean
36,50,47,27.25,74.23,6.99,869.08,Maharashtra,Kharif,rainfed,medium,soybean
37,54,38,26.77,69.86,6.49,723.6,Maharashtra,Kharif,rainfed,medium,soybean
39,62,44,27.25,82.84,6.85,817.61,Maharashtra,Kharif,rainfed,medium,soybean
36,53,42,25.85,78.28,7.01,751.48,Maharashtra,Kharif,rainfed,medium,soybean
35,50,48,27.83,84.01,6.63,843.82,Maharashtra,Kharif,rainfed,medium,soybean
44,49,44,26.02,66.26,6.78,861.32,Maharashtra,Kharif,rainfed,medium,soybean
48,53,39,26.2,68.03,6.45,922.66,Maharashtra,Kharif,rainfed,medium,soybean
38,58,35,26.22,73.41,6.99,925.46,Maharashtra,Kharif,rainfed,medium,soybean
44,61,43,28.06,71.52,6.48,931.46,Maharashtra,Kharif,rainfed,medium,soybean
30,56,46,27.75,74.8,6.76,913.19,Maharashtra,Kharif,rainfed,medium,soybean
36,48,47,26.47,73.64,6.73,994.59,Maharashtra,Kharif,rainfed,medium,soybean
37,50,36,26.45,77.19,6.96,883.12,Maharashtra,Kharif,rainfed,medium,soybean
46,57,51,27.65,80.23,6.71,775.47,Maharashtra,Kharif,rainfed,medium,soybean
44,57,53,27.99,81.48,6.9,892.16,Maharashtra,Kharif,rainfed,medium,soybean
31,54,42,26.75,75.18,6.87,867.7,Maharashtra,Kharif,rainfed,medium,soybean
46,37,46,27.9,81.23,6.93,1001.37,Maharashtra,Kharif,rainfed,medium,soybean
41,53,48,26.5,72.39,6.62,791.59,Maharashtra,Kharif,rainfed,medium,soybean
44,53,43,25.84,76.68,6.95,790.21,Maharashtra,Kharif,rainfed,medium,soybean
31,58,38,27.14,80.39,7.15,930.34,Maharashtra,Kharif,rainfed,medium,soybean
45,66,33,25.96,77.83,6.67,967.98,Maharashtra,Kharif,rainfed,medium,soybean
40,53,44,25.89,73.18,6.82,816.91,Maharashtra,Kharif,rainfed,medium,soybean
46,56,50,25.18,69.34,6.75,1092.41,Maharashtra,Kharif,rainfed,medium,soybean
48,49,47,27.35,70.44,7.09,862.44,Maharashtra,Kharif,rainfed,medium,soybean
39,53,51,25.62,69.31,6.83,721.73,Maharashtra,Kharif,rainfed,medium,soybean
38,59,48,27.72,77.07,7.35,830.88,Maharashtra,Kharif,rainfed,medium,soybean
43,50,50,26.43,80.73,6.62,980.53,Maharashtra,Kharif,rainfed,medium,soybean
44,52,48,26.8,76.19,6.7,822.38,Maharashtra,Kharif,rainfed,medium,soybean
38,43,49,25.06,74.27,6.91,937.95,Maharashtra,Kharif,rainfed,medium,soybean
28,52,47,26.56,79.48,6.54,721.32,Maharashtra,Kharif,rainfed,medium,soybean
45,49,36,26.32,79.1,6.43,1050.2,Maharashtra,Kharif,rainfed,medium,soybean
34,53,39,26.55,74.55,6.38,1086.94,Maharashtra,Kharif,rainfed,medium,soybean
37,50,50,28.62,78.75,6.45,891.04,Maharashtra,Kharif,rainfed,medium,soybean
27,58,37,25.56,74.99,6.86,855.43,Maharashtra,Kharif,rainfed,medium,soybean
50,57,48,25.07,80.66,6.55,1005.32,Maharashtra,Kharif,rainfed,medium,soybean
53,55,50,23.0,74.35,7.03,944.34,Maharashtra,Kharif,rainfed,medium,soybean
32,51,32,26.98,68.72,7.03,963.7,Maharashtra,Kharif,rainfed,medium,soybean
37,56,44,26.78,71.18,6.91,751.91,Maharashtra,Kharif,rainfed,medium,soybean
28,52,44,26.82,72.83,7.22,887.05,Maharashtra,Kharif,rainfed,medium,soybean
42,54,50,27.17,76.47,6.93,738.15,Maharashtra,Kharif,rainfed,medium,soybean
28,52,44,27.18,75.07,6.9,781.58,Maharashtra,Kharif,rainfed,medium,soybean
40,45,47,24.31,76.16,6.38,846.24,Maharashtra,Kharif,rainfed,medium,soybean
46,54,37,25.72,70.0,6.33,883.82,Maharashtra,Kharif,rainfed,medium,soybean
44,55,48,26.49,74.09,6.48,841.99,Maharashtra,Kharif,rainfed,medium,soybean
31,48,45,26.36,85.0,6.41,865.62,Maharashtra,Kharif,rainfed,medium,soybean
31,50,43,27.49,73.5,6.7,842.73,Maharashtra,Kharif,rainfed,medium,soybean
31,49,43,26.59,76.86,6.69,856.09,Maharashtra,Kharif,rainfed,medium,soybean
29,56,42,27.37,79.39,6.7,798.25,Maharashtra,Kharif,rainfed,medium,soybean
40,55,43,25.84,76.88,6.87,849.03,Maharashtra,Kharif,rainfed,medium,soybean
29,55,41,26.75,75.5,6.28,881.08,Maharashtra,Kharif,rainfed,medium,soybean
43,56,46,24.19,79.26,6.85,784.75,Maharashtra,Kharif,rainfed,medium,soybean
35,54,48,25.93,77.75,6.3,796.82,Maharashtra,Kharif,rainfed,medium,soybean
26,47,53,28.9,75.78,6.59,858.38,Maharashtra,Kharif,rainfed,medium,soybean
43,43,42,28.17,71.51,6.56,875.99,Maharashtra,Kharif,rainfed,medium,soybean
42,49,45,27.21,81.54,6.72,871.9,Maharashtra,Kharif,rainfed,medium,soybean
50,49,38,26.79,78.59,6.84,867.72,Maharashtra,Kharif,rainfed,medium,soybean
30,52,51,25.06,74.18,6.65,822.67,Maharashtra,Kharif,rainfed,medium,soybean
42,55,47,25.36,69.51,6.82,837.06,Maharashtra,Kharif,rainfed,medium,soybean
52,63,55,25.4,76.9,6.97,931.88,Maharashtra,Kharif,rainfed,medium,soybean
38,60,45,26.65,69.87,6.91,855.47,Maharashtra,Kharif,rainfed,medium,soybean
43,54,46,26.45,77.62,6.7,765.86,Maharashtra,Kharif,rainfed,medium,soybean
44,48,38,25.31,75.94,6.73,715.05,Maharashtra,Kharif,rainfed,medium,soybean
37,59,43,26.31,78.48,6.95,951.63,Maharashtra,Kharif,rainfed,medium,soybean
22,63,48,29.37,72.39,6.31,875.54,Maharashtra,Kharif,rainfed,medium,soybean
38,56,50,26.4,74.2,6.88,855.78,Maharashtra,Kharif,rainfed,medium,soybean
38,59,51,27.76,74.44,6.22,863.88,Maharashtra,Kharif,rainfed,medium,soybean
35,52,42,26.48,71.54,6.43,966.7,Maharashtra,Kharif,rainfed,medium,soybean
34,53,50,27.57,77.65,6.83,929.3,Maharashtra,Kharif,rainfed,medium,soybean
49,55,36,25.88,77.32,6.59,996.51,Maharashtra,Kharif,rainfed,medium,soybean
40,53,51,26.29,75.59,6.97,764.58,Maharashtra,Kharif,rainfed,medium,soybean
38,57,45,28.21,69.75,6.33,932.73,Maharashtra,Kharif,rainfed,medium,soybean
46,51,47,27.37,72.29,6.57,889.23,Maharashtra,Kharif,rainfed,medium,soybean
46,46,44,26.22,76.39,6.75,834.06,Maharashtra,Kharif,rainfed,medium,soybean
48,49,44,24.64,72.62,6.88,899.05,Maharashtra,Kharif,rainfed,medium,soybean
44,56,55,25.63,69.6,6.49,822.23,Maharashtra,Kharif,rainfed,medium,soybean
34,53,51,28.3,76.68,7.29,848.27,Maharashtra,Kharif,rainfed,medium,soybean
29,59,36,25.62,76.73,6.72,860.68,Maharashtra,Kharif,rainfed,medium,soybean
32,52,50,26.52,72.23,6.44,814.28,Maharashtra,Kharif,rainfed,medium,soybean
43,55,41,23.92,76.4,6.53,926.68,Maharashtra,Kharif,rainfed,medium,soybean
35,47,46,29.25,77.5,6.78,901.91,Maharashtra,Kharif,rainfed,medium,soybean
28,46,32,28.52,80.09,6.85,885.13,Maharashtra,Kharif,rainfed,medium,soybean
30,51,54,26.65,73.12,6.31,978.52,Maharashtra,Kharif,rainfed,medium,soybean
40,42,40,25.01,74.56,6.8,837.26,Maharashtra,Kharif,rainfed,medium,soybean
45,53,50,26.08,85.0,6.61,807.25,Maharashtra,Kharif,rainfed,medium,soybean
33,51,36,26.84,68.65,6.79,773.66,Maharashtra,Kharif,rainfed,medium,soybean
37,56,57,25.24,74.5,6.57,809.76,Maharashtra,Kharif,rainfed,medium,soybean
35,57,43,29.12,76.39,6.5,847.5,Maharashtra,Kharif,rainfed,medium,soybean
35,57,37,24.94,73.03,6.92,967.48,Maharashtra,Kharif,rainfed,medium,soybean
49,56,45,27.43,71.18,6.29,907.75,Maharashtra,Kharif,rainfed,medium,soybean
33,52,46,26.79,78.13,6.96,889.63,Maharashtra,Kharif,rainfed,medium,soybean
37,53,42,26.27,83.73,6.8,908.77,Maharashtra,Kharif,rainfed,medium,soybean
35,58,49,27.4,75.72,7.01,970.38,Maharashtra,Kharif,rainfed,medium,soybean
42,52,49,25.45,72.61,6.74,744.4,Maharashtra,Kharif,rainfed,medium,soybean
46,47,43,26.25,75.13,6.66,869.95,Maharashtra,Kharif,rainfed,medium,soybean
40,50,41,27.76,67.99,6.7,839.83,Maharashtra,Kharif,rainfed,medium,soybean
43,44,43,26.38,78.57,6.83,786.24,Maharashtra,Kharif,rainfed,medium,soybean
37,58,39,26.41,74.97,6.65,1077.18,Maharashtra,Kharif,rainfed,medium,soybean
37,55,41,27.12,77.9,6.6,870.9,Maharashtra,Kharif,rainfed,medium,soybean
34,46,50,25.85,66.95,7.19,814.84,Maharashtra,Kharif,rainfed,medium,soybean
38,62,44,26.31,70.91,6.34,862.52,Maharashtra,Kharif,rainfed,medium,soybean
42,54,43,26.52,68.88,6.87,887.11,Maharashtra,Kharif,rainfed,medium,soybean
53,53,40,26.44,73.91,6.86,877.02,Maharashtra,Kharif,rainfed,medium,soybean
32,43,46,28.11,75.26,6.95,950.96,Maharashtra,Kharif,rainfed,medium,soybean
42,48,46,27.91,76.77,6.94,840.31,Maharashtra,Kharif,rainfed,medium,soybean
39,52,45,27.86,67.18,6.76,869.04,Maharashtra,Kharif,rainfed,medium,soybean
31,56,41,26.08,81.16,7.0,918.09,Maharashtra,Kharif,rainfed,medium,soybean
43,52,55,27.44,72.5,6.4,917.51,Maharashtra,Kharif,rainfed,medium,soybean
40,44,47,26.19,76.77,6.86,829.38,Maharashtra,Kharif,rainfed,medium,soybean
44,50,43,25.88,78.77,6.68,977.93,Maharashtra,Kharif,rainfed,medium,soybean
52,48,30,27.72,73.86,6.53,830.85,Maharashtra,Kharif,rainfed,medium,soybean
37,60,46,28.0,76.65,6.67,845.72,Maharashtra,Kharif,rainfed,medium,soybean
44,57,50,26.19,75.58,6.9,846.2,Maharashtra,Kharif,rainfed,medium,soybean
32,48,44,27.27,79.2,6.41,830.2,Maharashtra,Kharif,rainfed,medium,soybean
38,57,42,26.0,70.29,6.87,862.9,Maharashtra,Kharif,rainfed,medium,soybean
36,51,51,25.33,72.19,7.06,880.68,Maharashtra,Kharif,rainfed,medium,soybean
44,55,45,26.09,77.77,7.04,956.31,Maharashtra,Kharif,rainfed,medium,soybean
32,60,43,25.62,74.44,6.96,915.53,Maharashtra,Kharif,rainfed,medium,soybean
38,57,46,25.83,72.64,6.85,868.81,Maharashtra,Kharif,rainfed,medium,soybean
31,57,43,28.36,70.32,6.7,822.5,Maharashtra,Kharif,rainfed,medium,soybean
33,50,54,26.67,72.36,6.29,745.9,Maharashtra,Kharif,rainfed,medium,soybean
36,49,44,23.85,74.69,7.01,996.71,Maharashtra,Kharif,rainfed,medium,soybean
27,48,41,26.67,70.93,7.17,878.26,Maharashtra,Kharif,rainfed,medium,soybean
39,62,45,26.97,72.5,6.41,829.22,Maharashtra,Kharif,rainfed,medium,soybean
55,56,46,25.36,78.04,6.41,757.47,Maharashtra,Kharif,rainfed,medium,soybean
36,64,54,25.97,72.75,6.34,880.85,Maharashtra,Kharif,rainfed,medium,soybean
41,57,50,26.27,76.85,6.57,915.28,Maharashtra,Kharif,rainfed,medium,soybean
37,55,47,26.58,77.65,6.36,795.13,Maharashtra,Kharif,rainfed,medium,soybean
38,44,43,26.06,79.37,6.79,952.21,Maharashtra,Kharif,rainfed,medium,soybean
42,49,46,27.35,78.98,6.72,751.44,Maharashtra,Kharif,rainfed,medium,soybean
29,51,33,28.59,76.99,6.59,791.78,Maharashtra,Kharif,rainfed,medium,soybean
47,46,40,25.61,75.38,6.91,964.45,Maharashtra,Kharif,rainfed,medium,soybean
47,53,50,25.72,68.93,6.58,814.53,Maharashtra,Kharif,rainfed,medium,soybean
36,47,43,27.22,80.72,6.32,778.42,Maharashtra,Kharif,rainfed,medium,soybean
35,57,44,25.66,77.39,6.99,873.59,Maharashtra,Kharif,rainfed,medium,soybean
35,54,44,26.22,73.29,6.98,893.74,Maharashtra,Kharif,rainfed,medium,soybean
47,60,47,25.91,78.47,6.87,1070.25,Maharashtra,Kharif,rainfed,medium,soybean
42,57,46,26.38,74.14,6.82,914.09,Maharashtra,Kharif,rainfed,medium,soybean
48,54,43,26.12,70.59,7.17,834.41,Maharashtra,Kharif,rainfed,medium,soybean
46,54,47,26.36,72.37,6.51,1004.63,Maharashtra,Kharif,rainfed,medium,soybean
41,59,52,26.02,76.41,6.76,788.21,Maharashtra,Kharif,rainfed,medium,soybean
39,56,43,26.12,74.42,7.28,737.45,Maharashtra,Kharif,rainfed,medium,soybean
43,51,42,26.18,77.22,6.93,888.95,Maharashtra,Kharif,rainfed,medium,soybean
47,60,49,25.86,76.65,6.87,813.83,Maharashtra,Kharif,rainfed,medium,soybean
30,41,45,26.85,71.06,7.01,886.42,Maharashtra,Kharif,rainfed,medium,soybean
49,55,40,27.03,77.23,6.61,766.84,Maharashtra,Kharif,rainfed,medium,soybean
41,47,51,26.02,80.75,6.22,885.11,Maharashtra,Kharif,rainfed,medium,soybean
50,47,44,26.03,72.72,6.81,777.84,Maharashtra,Kharif,rainfed,medium,soybean
39,56,44,25.33,78.43,6.93,796.91,Maharashtra,Kharif,rainfed,medium,soybean
31,47,48,26.82,77.63,6.67,805.64,Maharashtra,Kharif,rainfed,medium,soybean
46,49,46,24.69,73.1,7.0,821.28,Maharashtra,Kharif,rainfed,medium,soybean
45,39,42,26.3,80.81,6.46,925.32,Maharashtra,Kharif,rainfed,medium,soybean
47,48,43,26.67,70.06,6.64,970.71,Maharashtra,Kharif,rainfed,medium,soybean
43,52,46,27.18,77.57,6.61,990.1,Maharashtra,Kharif,rainfed,medium,soybean
49,56,41,25.31,73.91,6.77,742.36,Maharashtra,Kharif,rainfed,medium,soybean
43,60,48,25.71,72.35,6.82,863.5,Maharashtra,Kharif,rainfed,medium,soybean
43,56,50,25.18,75.74,6.66,867.6,Maharashtra,Kharif,rainfed,medium,soybean
46,58,52,27.0,74.63,6.69,744.89,Maharashtra,Kharif,rainfed,medium,soybean
49,51,48,27.29,70.85,6.52,991.03,Maharashtra,Kharif,rainfed,medium,soybean
42,49,44,27.77,78.11,6.38,997.57,Maharashtra,Kharif,rainfed,medium,soybean
46,52,39,27.73,76.59,6.39,857.59,Maharashtra,Kharif,rainfed,medium,soybean
60,53,41,25.32,80.91,6.96,980.56,Maharashtra,Kharif,rainfed,medium,soybean
42,60,41,26.69,75.96,7.1,898.91,Maharashtra,Kharif,rainfed,medium,soybean
36,53,37,23.79,77.77,6.66,855.39,Maharashtra,Kharif,rainfed,medium,soybean
46,61,48,28.75,76.68,6.83,893.03,Maharashtra,Kharif,rainfed,medium,soybean
31,58,33,25.82,75.08,6.55,841.12,Maharashtra,Kharif,rainfed,medium,soybean
52,59,42,25.95,70.74,6.93,856.27,Maharashtra,Kharif,rainfed,medium,soybean
27,53,47,27.62,74.76,6.66,1023.97,Maharashtra,Kharif,rainfed,medium,soybean
40,57,42,27.3,70.15,6.63,784.38,Maharashtra,Kharif,rainfed,medium,soybean
36,60,42,27.34,80.06,6.74,949.53,Maharashtra,Kharif,rainfed,medium,soybean
44,53,49,28.65,72.88,6.51,798.66,Maharashtra,Kharif,rainfed,medium,soybean
47,59,42,24.01,72.75,6.89,870.0,Maharashtra,Kharif,rainfed,medium,soybean
41,49,50,26.9,76.95,6.79,914.33,Maharashtra,Kharif,rainfed,medium,soybean
43,47,47,27.42,78.85,6.85,802.61,Maharashtra,Kharif,rainfed,medium,soybean
35,50,46,26.36,71.25,6.47,717.61,Maharashtra,Kharif,rainfed,medium,soybean
20,52,57,28.6,71.74,6.79,765.16,Maharashtra,Kharif,rainfed,medium,soybean
31,46,44,26.29,75.84,6.92,849.73,Maharashtra,Kharif,rainfed,medium,soybean
40,46,38,24.75,77.16,6.67,734.67,Maharashtra,Kharif,rainfed,medium,soybean
40,45,53,25.82,77.27,7.02,803.38,Maharashtra,Kharif,rainfed,medium,soybean
41,56,46,26.92,70.57,6.89,838.54,Maharashtra,Kharif,rainfed,medium,soybean
42,58,48,26.91,77.14,6.92,987.16,Maharashtra,Kharif,rainfed,medium,soybean
40,53,50,25.93,70.55,6.87,859.55,Maharashtra,Kharif,rainfed,medium,soybean
32,55,52,24.6,78.41,6.12,844.98,Maharashtra,Kharif,rainfed,medium,soybean
52,51,45,27.39,69.28,6.77,879.82,Maharashtra,Kharif,rainfed,medium,soybean
52,45,43,25.42,71.55,7.03,877.0,Maharashtra,Kharif,rainfed,medium,soybean
36,49,42,25.95,70.79,6.69,848.06,Maharashtra,Kharif,rainfed,medium,soybean
35,53,46,25.85,74.52,7.29,1034.03,Maharashtra,Kharif,rainfed,medium,soybean
33,47,40,27.73,73.67,6.81,1024.77,Maharashtra,Kharif,rainfed,medium,soybean
40,57,48,25.81,78.53,6.54,975.49,Maharashtra,Kharif,rainfed,medium,soybean
36,50,40,25.42,73.58,6.14,857.5,Maharashtra,Kharif,rainfed,medium,soybean
37,57,47,25.67,73.47,6.69,986.45,Maharashtra,Kharif,rainfed,medium,soybean
35,48,39,24.77,76.02,6.8,971.21,Maharashtra,Kharif,rainfed,medium,soybean
47,66,45,26.2,70.67,6.92,883.89,Maharashtra,Kharif,rainfed,medium,soybean
44,46,47,26.74,75.46,6.58,964.2,Maharashtra,Kharif,rainfed,medium,soybean
54,46,49,23.14,77.23,6.28,835.63,Maharashtra,Kharif,rainfed,medium,soybean
31,51,49,24.33,73.8,6.62,993.58,Maharashtra,Kharif,rainfed,medium,soybean
43,46,43,28.32,77.38,6.52,854.97,Maharashtra,Kharif,rainfed,medium,soybean
38,49,36,25.71,79.63,6.65,867.26,Maharashtra,Kharif,rainfed,medium,soybean
41,65,45,27.78,73.01,6.69,875.94,Maharashtra,Kharif,rainfed,medium,soybean
35,51,49,25.57,75.0,6.93,813.17,Maharashtra,Kharif,rainfed,medium,soybean
47,53,44,24.16,73.75,6.84,1005.9,Maharashtra,Kharif,rainfed,medium,soybean
44,59,39,26.35,79.07,6.53,947.39,Maharashtra,Kharif,rainfed,medium,soybean
45,54,43,25.35,80.92,6.91,900.55,Maharashtra,Kharif,rainfed,medium,soybean
37,53,46,26.97,77.45,6.55,765.01,Maharashtra,Kharif,rainfed,medium,soybean
41,42,43,25.91,76.64,7.25,729.16,Maharashtra,Kharif,rainfed,medium,soybean
55,51,47,24.85,78.32,6.76,870.39,Maharashtra,Kharif,rainfed,medium,soybean
27,53,49,26.22,78.91,7.03,826.92,Maharashtra,Kharif,rainfed,medium,soybean
51,53,45,26.62,75.23,6.09,861.09,Maharashtra,Kharif,rainfed,medium,soybean
31,62,53,27.49,74.21,6.5,825.68,Maharashtra,Kharif,rainfed,medium,soybean
53,48,33,27.7,80.0,7.16,952.88,Maharashtra,Kharif,rainfed,medium,soybean
48,53,35,26.53,77.07,6.72,861.44,Maharashtra,Kharif,rainfed,medium,soybean
34,47,54,28.69,74.99,6.82,801.44,Maharashtra,Kharif,rainfed,medium,soybean
44,63,37,27.04,76.8,6.88,998.21,Maharashtra,Kharif,rainfed,medium,soybean
54,51,48,26.6,72.89,6.82,925.36,Maharashtra,Kharif,rainfed,medium,soybean
41,47,43,25.97,72.19,6.83,906.36,Maharashtra,Kharif,rainfed,medium,soybean
47,47,42,28.31,74.45,6.76,861.87,Maharashtra,Kharif,rainfed,medium,soybean
48,59,51,26.53,72.09,7.23,939.22,Maharashtra,Kharif,rainfed,medium,soybean
37,61,42,28.15,79.93,6.52,918.63,Maharashtra,Kharif,rainfed,medium,soybean
45,68,41,28.17,75.06,6.44,866.0,Maharashtra,Kharif,rainfed,medium,soybean
40,46,47,27.62,75.79,6.61,863.86,Maharashtra,Kharif,rainfed,medium,soybean
40,54,51,26.82,70.32,6.61,887.45,Maharashtra,Kharif,rainfed,medium,soybean
47,60,54,26.65,77.54,6.39,907.24,Maharashtra,Kharif,rainfed,medium,soybean
33,52,60,26.85,72.12,6.85,836.22,Maharashtra,Kharif,rainfed,medium,soybean
34,65,50,26.9,73.69,6.67,990.69,Maharashtra,Kharif,rainfed,medium,soybean
42,35,57,26.71,76.14,7.02,909.91,Maharashtra,Kharif,rainfed,medium,soybean
45,50,39,26.83,79.77,6.59,820.4,Maharashtra,Kharif,rainfed,medium,soybean
48,50,43,26.06,74.78,6.36,834.55,Maharashtra,Kharif,rainfed,medium,soybean
42,54,51,28.65,80.04,6.98,863.84,Maharashtra,Kharif,rainfed,medium,soybean
36,53,48,27.46,77.08,6.72,934.01,Maharashtra,Kharif,rainfed,medium,soybean
48,58,45,25.53,72.14,6.58,894.28,Maharashtra,Kharif,rainfed,medium,soybean
43,44,42,26.78,72.0,6.86,851.94,Maharashtra,Kharif,rainfed,medium,soybean
35,53,47,25.51,74.19,6.87,817.84,Maharashtra,Kharif,rainfed,medium,soybean
29,44,43,24.96,73.84,7.17,771.61,Maharashtra,Kharif,rainfed,medium,soybean
38,65,47,26.07,74.48,6.86,1002.18,Maharashtra,Kharif,rainfed,medium,soybean
36,48,38,26.62,70.31,6.63,806.85,Maharashtra,Kharif,rainfed,medium,soybean
47,50,47,24.63,75.44,6.45,843.08,Maharashtra,Kharif,rainfed,medium,soybean
55,58,44,30.0,71.95,7.04,760.05,Maharashtra,Kharif,rainfed,medium,soybean
38,45,46,26.57,73.97,7.02,832.47,Maharashtra,Kharif,rainfed,medium,soybean
42,57,38,25.63,75.18,6.91,981.59,Maharashtra,Kharif,rainfed,medium,soybean
39,51,41,26.88,74.01,6.68,867.96,Maharashtra,Kharif,rainfed,medium,soybean
44,49,41,27.0,65.0,6.6,788.65,Maharashtra,Kharif,rainfed,medium,soybean
48,50,42,26.44,73.02,6.65,882.28,Maharashtra,Kharif,rainfed,medium,soybean
37,50,40,25.15,75.2,6.83,767.89,Maharashtra,Kharif,rainfed,medium,soybean
45,57,50,26.85,77.12,7.3,852.39,Maharashtra,Kharif,rainfed,medium,soybean
33,44,54,28.56,71.92,6.57,850.7,Maharashtra,Kharif,rainfed,medium,soybean
48,45,35,29.03,76.04,6.86,859.62,Maharashtra,Kharif,rainfed,medium,soybean
43,44,41,26.62,67.43,6.67,847.69,Maharashtra,Kharif,rainfed,medium,soybean
38,49,40,24.37,75.48,6.67,771.85,Maharashtra,Kharif,rainfed,medium,soybean
40,51,43,23.98,77.28,6.44,879.75,Maharashtra,Kharif,rainfed,medium,soybean
35,50,51,27.12,78.77,6.83,904.71,Maharashtra,Kharif,rainfed,medium,soybean
28,51,44,27.93,73.31,6.82,891.93,Maharashtra,Kharif,rainfed,medium,soybean
48,52,49,24.51,69.62,6.18,933.95,Maharashtra,Kharif,rainfed,medium,soybean
44,58,42,25.84,74.6,7.11,1002.04,Maharashtra,Kharif,rainfed,medium,soybean
45,54,52,26.2,73.7,6.72,801.6,Maharashtra,Kharif,rainfed,medium,soybean
39,46,50,27.13,79.77,6.34,1017.63,Maharashtra,Kharif,rainfed,medium,soybean
30,46,42,28.03,75.75,6.69,815.55,Maharashtra,Kharif,rainfed,medium,soybean
31,59,49,28.08,76.32,6.09,781.66,Maharashtra,Kharif,rainfed,medium,soybean
43,50,42,25.21,78.16,6.86,912.59,Maharashtra,Kharif,rainfed,medium,soybean
36,54,38,26.35,66.57,6.36,850.83,Maharashtra,Kharif,rainfed,medium,soybean
56,42,39,26.75,80.9,6.8,927.66,Maharashtra,Kharif,rainfed,medium,soybean
38,50,45,25.73,77.41,6.35,941.75,Maharashtra,Kharif,rainfed,medium,soybean
40,51,37,25.36,79.0,6.7,895.88,Maharashtra,Kharif,rainfed,medium,soybean
34,52,38,26.62,76.24,6.83,807.23,Maharashtra,Kharif,rainfed,medium,soybean
38,56,44,26.16,81.34,6.51,956.03,Maharashtra,Kharif,rainfed,medium,soybean
32,56,49,25.9,70.94,6.26,828.87,Maharashtra,Kharif,rainfed,medium,soybean
44,46,45,24.78,74.22,6.46,869.15,Maharashtra,Kharif,rainfed,medium,soybean
37,46,42,25.41,70.62,7.02,847.99,Maharashtra,Kharif,rainfed,medium,soybean
25,49,50,25.61,79.99,6.54,912.76,Maharashtra,Kharif,rainfed,medium,soybean
47,55,38,25.4,78.9,6.55,948.18,Maharashtra,Kharif,rainfed,medium,soybean
37,53,38,25.79,72.08,6.81,881.99,Maharashtra,Kharif,rainfed,medium,soybean
43,50,40,26.71,71.57,7.02,866.41,Maharashtra,Kharif,rainfed,medium,soybean
38,55,45,24.57,71.46,7.01,881.29,Maharashtra,Kharif,rainfed,medium,soybean
29,55,42,25.48,71.18,7.0,727.59,Maharashtra,Kharif,rainfed,medium,soybean
34,53,53,27.15,72.18,7.13,773.37,Maharashtra,Kharif,rainfed,medium,soybean
42,55,41,27.31,73.29,6.92,737.03,Maharashtra,Kharif,rainfed,medium,soybean
42,50,51,26.45,79.16,6.88,865.44,Maharashtra,Kharif,rainfed,medium,soybean
45,57,47,23.83,71.72,7.1,780.8,Maharashtra,Kharif,rainfed,medium,soybean
46,57,41,24.17,73.1,7.27,810.25,Maharashtra,Kharif,rainfed,medium,soybean
35,47,51,26.22,72.91,7.1,918.46,Maharashtra,Kharif,rainfed,medium,soybean
34,45,51,26.52,69.84,6.3,791.3,Maharashtra,Kharif,rainfed,medium,soybean
32,41,40,25.43,73.46,7.17,854.99,Maharashtra,Kharif,rainfed,medium,soybean
39,55,44,26.97,75.94,6.78,1082.48,Maharashtra,Kharif,rainfed,medium,soybean
46,46,47,25.58,76.49,6.41,791.92,Maharashtra,Kharif,rainfed,medium,soybean
42,58,48,27.5,76.25,6.79,837.22,Maharashtra,Kharif,rainfed,medium,soybean
45,58,45,26.36,80.3,6.74,880.68,Maharashtra,Kharif,rainfed,medium,soybean
43,52,41,26.94,74.87,7.21,934.13,Maharashtra,Kharif,rainfed,medium,soybean
36,57,47,28.03,73.25,6.8,867.57,Maharashtra,Kharif,rainfed,medium,soybean
40,47,48,26.99,79.28,6.75,844.11,Maharashtra,Kharif,rainfed,medium,soybean
45,48,50,27.76,79.19,6.84,838.51,Maharashtra,Kharif,rainfed,medium,soybean
41,55,42,28.06,76.93,6.53,1016.22,Maharashtra,Kharif,rainfed,medium,soybean
41,46,41,28.24,81.08,7.0,973.95,Maharashtra,Kharif,rainfed,medium,soybean
48,56,47,27.13,77.45,6.56,929.9,Maharashtra,Kharif,rainfed,medium,soybean
50,51,43,27.06,72.83,6.42,961.08,Maharashtra,Kharif,rainfed,medium,soybean
37,53,42,27.99,77.84,6.69,786.51,Maharashtra,Kharif,rainfed,medium,soybean
38,56,46,26.63,75.71,6.94,871.86,Maharashtra,Kharif,rainfed,medium,soybean
43,47,58,26.17,75.68,6.89,844.19,Maharashtra,Kharif,rainfed,medium,soybean
40,52,40,27.01,69.5,7.19,934.47,Maharashtra,Kharif,rainfed,medium,soybean
44,42,41,28.12,85.0,7.05,952.77,Maharashtra,Kharif,rainfed,medium,soybean
43,48,50,25.22,70.96,6.43,948.18,Maharashtra,Kharif,rainfed,medium,soybean
40,53,45,25.19,72.76,6.59,769.6,Maharashtra,Kharif,rainfed,medium,soybean
37,46,48,27.27,70.69,6.68,1014.2,Maharashtra,Kharif,rainfed,medium,soybean
33,55,46,27.78,75.98,6.64,880.01,Maharashtra,Kharif,rainfed,medium,soybean
41,52,38,27.95,78.55,6.49,852.45,Maharashtra,Kharif,rainfed,medium,soybean
38,46,36,25.72,73.81,6.39,888.27,Maharashtra,Kharif,rainfed,medium,soybean
48,57,44,24.35,77.39,6.79,906.83,Maharashtra,Kharif,rainfed,medium,soybean
53,48,31,25.27,76.62,6.76,783.83,Maharashtra,Kharif,rainfed,medium,soybean
31,50,39,27.11,73.63,6.59,818.13,Maharashtra,Kharif,rainfed,medium,soybean
42,53,46,26.71,74.76,6.49,820.22,Maharashtra,Kharif,rainfed,medium,soybean
37,65,38,26.01,75.33,6.67,955.55,Maharashtra,Kharif,rainfed,medium,soybean
38,51,49,28.61,79.69,6.72,871.29,Maharashtra,Kharif,rainfed,medium,soybean
40,53,41,27.59,75.69,6.74,779.66,Maharashtra,Kharif,rainfed,medium,soybean
40,41,42,25.84,75.96,7.22,917.89,Maharashtra,Kharif,rainfed,medium,soybean
50,56,51,28.67,72.56,6.55,925.16,Maharashtra,Kharif,rainfed,medium,soybean
40,54,44,25.8,80.4,6.48,926.48,Maharashtra,Kharif,rainfed,medium,soybean
43,43,41,25.73,76.88,6.66,868.58,Maharashtra,Kharif,rainfed,medium,soybean
30,66,45,27.08,73.2,6.59,1018.45,Maharashtra,Kharif,rainfed,medium,soybean
27,54,39,26.03,72.87,6.5,877.66,Maharashtra,Kharif,rainfed,medium,soybean
23,51,45,24.91,80.04,6.6,857.19,Maharashtra,Kharif,rainfed,medium,soybean
36,52,52,29.39,77.49,7.02,1003.73,Maharashtra,Kharif,rainfed,medium,soybean
42,62,49,26.67,76.17,6.29,896.91,Maharashtra,Kharif,rainfed,medium,soybean
30,43,46,25.2,74.98,6.78,888.73,Maharashtra,Kharif,rainfed,medium,soybean
34,58,45,27.01,71.01,6.71,957.3,Maharashtra,Kharif,rainfed,medium,soybean
46,48,42,25.35,72.81,6.4,864.64,Maharashtra,Kharif,rainfed,medium,soybean
44,48,45,26.24,78.52,6.6,831.86,Maharashtra,Kharif,rainfed,medium,soybean
34,46,48,26.34,75.18,7.07,974.91,Maharashtra,Kharif,rainfed,medium,soybean
29,56,46,25.96,76.09,6.32,984.7,Maharashtra,Kharif,rainfed,medium,soybean
43,47,42,24.51,73.95,6.63,775.62,Maharashtra,Kharif,rainfed,medium,soybean
45,60,45,26.14,76.45,6.75,793.84,Maharashtra,Kharif,rainfed,medium,soybean
36,51,46,26.51,75.7,6.37,924.89,Maharashtra,Kharif,rainfed,medium,soybean
40,67,43,26.88,84.43,6.8,869.93,Maharashtra,Kharif,rainfed,medium,soybean
33,61,39,27.0,73.42,6.7,768.21,Maharashtra,Kharif,rainfed,medium,soybean
49,51,39,27.96,73.32,6.83,938.11,Maharashtra,Kharif,rainfed,medium,soybean
43,40,48,26.38,73.9,6.72,754.25,Maharashtra,Kharif,rainfed,medium,soybean
41,45,44,26.68,78.58,6.55,983.87,Maharashtra,Kharif,rainfed,medium,soybean
46,50,39,24.82,75.91,6.57,964.95,Maharashtra,Kharif,rainfed,medium,soybean
35,47,46,25.7,75.03,7.0,883.79,Maharashtra,Kharif,rainfed,medium,soybean
41,54,37,26.96,75.53,6.97,920.44,Maharashtra,Kharif,rainfed,medium,soybean
39,59,44,26.79,73.96,6.87,846.76,Maharashtra,Kharif,rainfed,medium,soybean
51,64,49,28.3,69.87,6.39,850.88,Maharashtra,Kharif,rainfed,medium,soybean
40,51,37,27.84,82.18,7.07,956.41,Maharashtra,Kharif,rainfed,medium,soybean
42,48,45,28.96,73.83,6.64,958.05,Maharashtra,Kharif,rainfed,medium,soybean
48,48,44,25.91,75.23,7.03,814.7,Maharashtra,Kharif,rainfed,medium,soybean
47,53,57,26.87,74.68,6.89,849.71,Maharashtra,Kharif,rainfed,medium,soybean
28,51,44,24.64,74.76,6.23,848.92,Maharashtra,Kharif,rainfed,medium,soybean
42,53,43,26.4,72.39,6.75,879.36,Maharashtra,Kharif,rainfed,medium,soybean
34,54,46,26.31,83.07,6.71,854.06,Maharashtra,Kharif,rainfed,medium,soybean
37,47,48,25.7,73.11,6.62,801.13,Maharashtra,Kharif,rainfed,medium,soybean
28,50,49,26.73,80.2,6.94,914.3,Maharashtra,Kharif,rainfed,medium,soybean
53,52,45,26.49,80.15,6.75,826.38,Maharashtra,Kharif,rainfed,medium,soybean
44,48,48,26.98,74.37,6.89,763.42,Maharashtra,Kharif,rainfed,medium,soybean
41,50,59,26.68,73.01,6.41,972.91,Maharashtra,Kharif,rainfed,medium,soybean
38,48,47,27.26,77.11,6.75,886.94,Maharashtra,Kharif,rainfed,medium,soybean
42,54,47,27.78,75.19,6.55,864.18,Maharashtra,Kharif,rainfed,medium,soybean
45,42,36,27.57,80.07,6.43,882.53,Maharashtra,Kharif,rainfed,medium,soybean
37,51,47,24.99,71.31,6.67,864.1,Maharashtra,Kharif,rainfed,medium,soybean
32,57,43,26.01,75.94,6.72,937.81,Maharashtra,Kharif,rainfed,medium,soybean
34,44,43,26.57,70.86,6.4,888.67,Maharashtra,Kharif,rainfed,medium,soybean
35,44,50,25.76,78.83,6.76,897.11,Maharashtra,Kharif,rainfed,medium,soybean
39,37,39,26.35,76.22,6.3,870.98,Maharashtra,Kharif,rainfed,medium,soybean
33,54,45,27.37,78.56,6.86,939.53,Maharashtra,Kharif,rainfed,medium,soybean
38,69,39,25.88,78.0,6.94,911.55,Maharashtra,Kharif,rainfed,medium,soybean
45,40,53,26.26,79.15,6.24,894.24,Maharashtra,Kharif,rainfed,medium,soybean
36,56,47,26.93,71.47,6.74,861.49,Maharashtra,Kharif,rainfed,medium,soybean
43,58,46,25.01,75.36,7.4,998.45,Maharashtra,Kharif,rainfed,medium,soybean
20,53,50,26.29,73.47,6.68,916.41,Maharashtra,Kharif,rainfed,medium,soybean
32,59,45,25.41,78.75,6.36,833.36,Maharashtra,Kharif,rainfed,medium,soybean
36,65,42,23.99,73.06,6.86,933.81,Maharashtra,Kharif,rainfed,medium,soybean
55,61,46,25.46,80.41,6.66,825.64,Maharashtra,Kharif,rainfed,medium,soybean
37,45,43,26.23,77.44,6.65,779.94,Maharashtra,Kharif,rainfed,medium,soybean
29,54,45,25.85,73.44,6.85,979.29,Maharashtra,Kharif,rainfed,medium,soybean
35,53,50,25.59,74.95,6.74,776.65,Maharashtra,Kharif,rainfed,medium,soybean
41,53,48,25.12,75.03,7.1,1030.81,Maharashtra,Kharif,rainfed,medium,soybean
49,46,47,25.94,75.95,6.56,746.49,Maharashtra,Kharif,rainfed,medium,soybean
38,57,46,26.97,75.72,6.85,914.71,Maharashtra,Kharif,rainfed,medium,soybean
38,53,54,26.67,75.14,6.78,858.66,Maharashtra,Kharif,rainfed,medium,soybean
37,54,42,26.33,72.36,6.78,918.81,Maharashtra,Kharif,rainfed,medium,soybean
39,41,48,26.64,71.69,6.94,770.12,Maharashtra,Kharif,rainfed,medium,soybean
47,52,34,26.71,73.65,6.61,819.67,Maharashtra,Kharif,rainfed,medium,soybean
39,50,36,27.98,74.19,6.57,790.37,Maharashtra,Kharif,rainfed,medium,soybean
45,45,46,25.82,73.25,6.47,828.48,Maharashtra,Kharif,rainfed,medium,soybean
40,54,41,26.39,77.96,6.33,874.53,Maharashtra,Kharif,rainfed,medium,soybean
34,46,46,25.86,70.94,7.08,944.01,Maharashtra,Kharif,rainfed,medium,soybean
27,44,48,26.17,80.0,6.9,897.46,Maharashtra,Kharif,rainfed,medium,soybean
33,55,39,28.02,76.41,6.54,935.35,Maharashtra,Kharif,rainfed,medium,soybean
55,51,48,26.0,75.28,6.37,874.96,Maharashtra,Kharif,rainfed,medium,soybean
40,63,36,26.17,79.29,6.69,862.15,Maharashtra,Kharif,rainfed,medium,soybean
34,47,36,25.77,71.7,6.78,815.92,Maharashtra,Kharif,rainfed,medium,soybean
37,50,45,25.88,71.46,6.77,955.06,Maharashtra,Kharif,rainfed,medium,soybean
41,49,44,24.11,74.54,6.65,804.99,Maharashtra,Kharif,rainfed,medium,soybean
35,50,50,27.77,71.91,6.62,838.06,Maharashtra,Kharif,rainfed,medium,soybean
45,53,45,27.13,73.01,7.09,874.87,Maharashtra,Kharif,rainfed,medium,soybean
34,51,51,26.0,78.17,6.59,817.58,Maharashtra,Kharif,rainfed,medium,soybean
44,47,49,26.91,72.09,6.73,833.84,Maharashtra,Kharif,rainfed,medium,soybean
42,64,43,27.12,75.08,6.76,862.61,Maharashtra,Kharif,rainfed,medium,soybean
34,54,44,25.44,78.38,6.77,857.89,Maharashtra,Kharif,rainfed,medium,soybean
49,42,51,25.47,75.71,6.6,805.77,Maharashtra,Kharif,rainfed,medium,soybean
49,63,44,26.89,75.19,7.18,716.51,Maharashtra,Kharif,rainfed,medium,soybean
43,48,33,26.08,81.16,6.59,934.31,Maharashtra,Kharif,rainfed,medium,soybean
48,52,46,24.5,72.61,6.98,879.55,Maharashtra,Kharif,rainfed,medium,soybean
42,53,56,26.0,80.35,6.78,1002.06,Maharashtra,Kharif,rainfed,medium,soybean
32,54,43,26.66,79.07,6.84,966.53,Maharashtra,Kharif,rainfed,medium,soybean
36,48,45,26.45,74.38,6.51,964.9,Maharashtra,Kharif,rainfed,medium,soybean
38,61,45,27.26,76.86,6.54,902.54,Maharashtra,Kharif,rainfed,medium,soybean
53,54,50,27.31,76.02,6.8,916.05,Maharashtra,Kharif,rainfed,medium,soybean
45,45,46,26.29,73.69,7.07,820.01,Maharashtra,Kharif,rainfed,medium,soybean
31,57,38,24.25,78.03,6.79,910.45,Maharashtra,Kharif,rainfed,medium,soybean
37,44,39,26.18,70.76,6.83,840.32,Maharashtra,Kharif,rainfed,medium,soybean
41,53,47,27.08,73.85,6.8,892.7,Maharashtra,Kharif,rainfed,medium,soybean
24,56,46,27.16,70.71,6.67,793.14,Maharashtra,Kharif,rainfed,medium,soybean
45,44,40,27.12,72.9,6.52,943.0,Maharashtra,Kharif,rainfed,medium,soybean
46,57,49,26.23,74.32,6.59,887.58,Maharashtra,Kharif,rainfed,medium,soybean
36,50,48,27.88,76.33,7.2,822.09,Maharashtra,Kharif,rainfed,medium,soybean
28,57,41,26.18,69.1,6.53,762.33,Maharashtra,Kharif,rainfed,medium,soybean
37,50,45,27.95,77.26,6.34,920.6,Maharashtra,Kharif,rainfed,medium,soybean
41,52,45,26.74,72.69,6.7,963.8,Maharashtra,Kharif,rainfed,medium,soybean
35,46,45,25.18,69.26,6.66,983.65,Maharashtra,Kharif,rainfed,medium,soybean
40,54,34,27.01,75.31,6.58,888.5,Maharashtra,Kharif,rainfed,medium,soybean
41,46,47,27.9,74.24,6.53,861.68,Maharashtra,Kharif,rainfed,medium,soybean
46,45,48,25.71,75.81,6.61,832.47,Maharashtra,Kharif,rainfed,medium,soybean
50,44,47,28.52,77.29,6.42,778.88,Maharashtra,Kharif,rainfed,medium,soybean
35,53,46,25.02,72.09,6.55,861.44,Maharashtra,Kharif,rainfed,medium,soybean
53,47,40,25.18,77.12,6.74,807.78,Maharashtra,Kharif,rainfed,medium,soybean
38,48,46,29.63,76.84,6.73,825.13,Maharashtra,Kharif,rainfed,medium,soybean
31,57,48,25.96,79.04,6.76,933.11,Maharashtra,Kharif,rainfed,medium,soybean
42,51,40,26.33,77.81,6.62,907.98,Maharashtra,Kharif,rainfed,medium,soybean
33,57,47,25.1,74.25,6.98,780.57,Maharashtra,Kharif,rainfed,medium,soybean
33,52,56,25.72,76.65,6.82,830.79,Maharashtra,Kharif,rainfed,medium,soybean
41,50,43,24.56,74.92,6.97,879.31,Maharashtra,Kharif,rainfed,medium,soybean
47,56,45,25.77,73.38,6.38,854.97,Maharashtra,Kharif,rainfed,medium,soybean
41,63,48,25.49,70.2,6.7,935.88,Maharashtra,Kharif,rainfed,medium,soybean
39,56,44,27.34,69.68,7.15,791.56,Maharashtra,Kharif,rainfed,medium,soybean
45,51,44,26.22,75.85,6.86,954.38,Maharashtra,Kharif,rainfed,medium,soybean
49,54,54,26.61,78.59,6.86,833.81,Maharashtra,Kharif,rainfed,medium,soybean
41,55,45,26.98,77.88,6.74,654.21,Maharashtra,Kharif,rainfed,medium,soybean
51,51,41,25.19,73.88,6.61,819.72,Maharashtra,Kharif,rainfed,medium,soybean
35,56,55,27.46,78.74,6.66,882.85,Maharashtra,Kharif,rainfed,medium,soybean
43,49,43,27.5,78.63,6.77,785.36,Maharashtra,Kharif,rainfed,medium,soybean
38,44,45,26.8,74.1,6.81,906.27,Maharashtra,Kharif,rainfed,medium,soybean
42,45,44,26.98,80.26,6.68,916.31,Maharashtra,Kharif,rainfed,medium,soybean
46,51,51,27.9,79.6,6.86,1052.01,Maharashtra,Kharif,rainfed,medium,soybean
36,65,49,28.06,73.93,6.96,982.02,Maharashtra,Kharif,rainfed,medium,soybean
33,52,34,26.29,72.28,6.7,1094.27,Maharashtra,Kharif,rainfed,medium,soybean
199,52,113,27.66,68.88,6.75,830.07,Maharashtra,Rabi,canal,high,sugarcane
179,58,122,27.09,71.99,7.17,739.89,Maharashtra,Rabi,canal,high,sugarcane
202,61,121,26.66,70.86,7.13,766.64,Maharashtra,Rabi,canal,high,sugarcane
196,58,121,26.46,70.77,7.56,685.72,Maharashtra,Rabi,canal,high,sugarcane
201,69,121,30.01,68.49,7.0,665.09,Maharashtra,Rabi,canal,high,sugarcane
190,64,128,26.98,75.04,6.87,700.09,Maharashtra,Rabi,canal,high,sugarcane
236,65,113,25.46,66.23,7.18,697.67,Maharashtra,Rabi,canal,high,sugarcane
197,62,127,25.23,65.7,6.97,770.07,Maharashtra,Rabi,canal,high,sugarcane
200,58,127,25.38,67.91,6.62,822.59,Maharashtra,Rabi,canal,high,sugarcane
205,66,132,30.72,63.16,6.68,678.79,Maharashtra,Rabi,canal,high,sugarcane
182,56,117,24.68,71.34,6.92,761.08,Maharashtra,Rabi,canal,high,sugarcane
203,66,116,29.68,70.94,6.34,649.82,Maharashtra,Rabi,canal,high,sugarcane
169,63,119,25.8,78.04,7.06,779.46,Maharashtra,Rabi,canal,high,sugarcane
181,57,120,26.76,62.57,6.85,726.06,Maharashtra,Rabi,canal,high,sugarcane
192,58,115,26.23,70.36,7.08,806.06,Maharashtra,Rabi,canal,high,sugarcane
191,60,124,27.42,68.26,7.14,798.47,Maharashtra,Rabi,canal,high,sugarcane
214,73,111,26.52,70.05,6.87,676.31,Maharashtra,Rabi,canal,high,sugarcane
173,63,112,26.63,66.82,6.57,742.57,Maharashtra,Rabi,canal,high,sugarcane
197,66,142,26.92,71.94,6.58,628.48,Maharashtra,Rabi,canal,high,sugarcane
219,57,110,26.44,69.64,6.63,702.13,Maharashtra,Rabi,canal,high,sugarcane
213,58,106,27.91,71.97,6.71,606.34,Maharashtra,Rabi,canal,high,sugarcane
184,62,132,24.95,69.66,7.1,546.4,Maharashtra,Rabi,canal,high,sugarcane
211,56,123,26.87,74.34,7.07,546.7,Maharashtra,Rabi,canal,high,sugarcane
183,63,118,27.22,73.16,7.08,708.93,Maharashtra,Rabi,canal,high,sugarcane
167,60,124,24.86,72.53,7.17,734.52,Maharashtra,Rabi,canal,high,sugarcane
150,55,139,25.68,62.06,7.27,726.0,Maharashtra,Rabi,canal,high,sugarcane
212,64,125,27.04,72.79,7.58,797.83,Maharashtra,Rabi,canal,high,sugarcane
171,65,131,28.3,68.29,7.25,794.58,Maharashtra,Rabi,canal,high,sugarcane
234,58,115,26.04,68.04,6.63,517.8,Maharashtra,Rabi,canal,high,sugarcane
188,65,115,29.4,70.05,7.29,744.61,Maharashtra,Rabi,canal,high,sugarcane
207,64,134,26.58,71.98,7.01,703.38,Maharashtra,Rabi,canal,high,sugarcane
201,76,117,27.13,75.03,7.24,725.88,Maharashtra,Rabi,canal,high,sugarcane
159,66,98,28.7,70.68,7.2,657.34,Maharashtra,Rabi,canal,high,sugarcane
172,64,120,25.76,70.34,7.73,787.59,Maharashtra,Rabi,canal,high,sugarcane
211,67,135,26.21,61.78,6.84,785.88,Maharashtra,Rabi,canal,high,sugarcane
180,61,113,28.75,73.0,7.1,771.62,Maharashtra,Rabi,canal,high,sugarcane
194,64,108,23.22,70.6,7.0,815.69,Maharashtra,Rabi,canal,high,sugarcane
219,72,110,25.97,71.92,7.66,836.01,Maharashtra,Rabi,canal,high,sugarcane
212,60,111,27.68,65.6,6.83,716.39,Maharashtra,Rabi,canal,high,sugarcane
219,60,96,27.26,67.2,6.91,718.5,Maharashtra,Rabi,canal,high,sugarcane
191,67,105,25.72,72.74,6.72,604.34,Maharashtra,Rabi,canal,high,sugarcane
205,69,120,23.56,72.82,6.4,748.16,Maharashtra,Rabi,canal,high,sugarcane
182,56,116,26.23,67.42,7.08,691.54,Maharashtra,Rabi,canal,high,sugarcane
210,64,113,25.2,63.41,6.99,698.41,Maharashtra,Rabi,canal,high,sugarcane
159,59,111,28.86,63.19,6.47,808.25,Maharashtra,Rabi,canal,high,sugarcane
215,58,114,27.42,60.69,6.34,703.94,Maharashtra,Rabi,canal,high,sugarcane
218,60,121,28.2,78.43,6.73,723.74,Maharashtra,Rabi,canal,high,sugarcane
222,54,130,24.97,70.41,6.83,653.15,Maharashtra,Rabi,canal,high,sugarcane
180,64,130,26.31,70.28,7.07,652.13,Maharashtra,Rabi,canal,high,sugarcane
206,67,146,25.94,68.17,7.13,786.43,Maharashtra,Rabi,canal,high,sugarcane
187,60,125,25.26,68.36,6.93,799.7,Maharashtra,Rabi,canal,high,sugarcane
186,52,101,24.61,64.75,6.85,635.83,Maharashtra,Rabi,canal,high,sugarcane
184,58,116,28.48,72.65,6.9,690.42,Maharashtra,Rabi,canal,high,sugarcane
189,64,126,25.14,70.15,6.29,740.88,Maharashtra,Rabi,canal,high,sugarcane
206,61,138,25.18,70.87,6.89,717.48,Maharashtra,Rabi,canal,high,sugarcane
193,63,128,28.57,69.99,7.14,672.37,Maharashtra,Rabi,canal,high,sugarcane
206,58,131,29.82,69.51,6.24,683.89,Maharashtra,Rabi,canal,high,sugarcane
213,66,122,28.01,71.94,7.27,793.96,Maharashtra,Rabi,canal,high,sugarcane
218,65,129,26.04,67.59,7.41,741.22,Maharashtra,Rabi,canal,high,sugarcane
207,63,114,26.52,75.74,7.07,596.64,Maharashtra,Rabi,canal,high,sugarcane
192,73,118,23.8,77.57,7.1,719.75,Maharashtra,Rabi,canal,high,sugarcane
189,69,115,28.22,72.17,6.97,735.91,Maharashtra,Rabi,canal,high,sugarcane
192,69,111,24.07,72.46,7.09,761.02,Maharashtra,Rabi,canal,high,sugarcane
201,61,128,26.43,68.05,6.81,876.55,Maharashtra,Rabi,canal,high,sugarcane
169,65,103,26.34,68.27,6.27,754.18,Maharashtra,Rabi,canal,high,sugarcane
189,50,128,28.65,75.96,7.01,728.45,Maharashtra,Rabi,canal,high,sugarcane
215,72,131,25.09,70.81,7.03,589.28,Maharashtra,Rabi,canal,high,sugarcane
202,76,126,28.71,70.73,6.88,753.6,Maharashtra,Rabi,canal,high,sugarcane
183,57,133,28.56,66.04,7.19,718.48,Maharashtra,Rabi,canal,high,sugarcane
200,65,130,26.62,75.64,6.99,771.81,Maharashtra,Rabi,canal,high,sugarcane
183,75,125,27.57,63.57,6.65,817.84,Maharashtra,Rabi,canal,high,sugarcane
199,51,130,25.68,75.65,6.87,740.35,Maharashtra,Rabi,canal,high,sugarcane
213,57,110,26.21,73.31,6.5,599.9,Maharashtra,Rabi,canal,high,sugarcane
207,59,116,23.71,67.28,6.9,794.78,Maharashtra,Rabi,canal,high,sugarcane
183,72,113,25.48,76.15,6.96,683.6,Maharashtra,Rabi,canal,high,sugarcane
193,70,135,25.27,69.83,6.93,651.03,Maharashtra,Rabi,canal,high,sugarcane
194,63,131,28.31,68.68,6.84,774.82,Maharashtra,Rabi,canal,high,sugarcane
186,66,119,25.05,66.17,7.33,713.27,Maharashtra,Rabi,canal,high,sugarcane
220,60,123,30.09,65.77,6.33,821.49,Maharashtra,Rabi,canal,high,sugarcane
183,62,114,26.9,66.2,6.85,758.74,Maharashtra,Rabi,canal,high,sugarcane
180,58,117,24.36,68.31,6.94,695.03,Maharashtra,Rabi,canal,high,sugarcane
191,62,113,27.54,75.74,6.76,761.39,Maharashtra,Rabi,canal,high,sugarcane
191,65,136,27.26,62.91,7.04,817.46,Maharashtra,Rabi,canal,high,sugarcane
192,68,113,24.27,70.56,6.37,707.02,Maharashtra,Rabi,canal,high,sugarcane
214,51,107,24.95,69.75,6.79,829.94,Maharashtra,Rabi,canal,high,sugarcane
209,65,121,27.09,66.55,7.16,641.6,Maharashtra,Rabi,canal,high,sugarcane
208,69,122,26.24,71.6,6.04,747.67,Maharashtra,Rabi,canal,high,sugarcane
193,62,127,26.39,65.44,6.86,730.07,Maharashtra,Rabi,canal,high,sugarcane
197,63,130,24.87,70.7,7.29,594.9,Maharashtra,Rabi,canal,high,sugarcane
198,59,116,25.14,69.32,7.45,630.17,Maharashtra,Rabi,canal,high,sugarcane
177,55,137,25.81,69.9,6.78,654.17,Maharashtra,Rabi,canal,high,sugarcane
191,77,134,25.22,72.59,6.65,591.77,Maharashtra,Rabi,canal,high,sugarcane
210,69,130,25.8,69.33,7.12,754.36,Maharashtra,Rabi,canal,high,sugarcane
189,53,121,28.12,65.21,7.09,749.87,Maharashtra,Rabi,canal,high,sugarcane
206,68,113,24.07,67.87,7.17,684.35,Maharashtra,Rabi,canal,high,sugarcane
185,52,138,27.74,73.08,7.19,768.25,Maharashtra,Rabi,canal,high,sugarcane
191,62,116,30.45,72.22,6.76,759.91,Maharashtra,Rabi,canal,high,sugarcane
180,71,113,27.25,74.26,7.02,732.09,Maharashtra,Rabi,canal,high,sugarcane
195,62,114,25.83,75.92,6.87,666.07,Maharashtra,Rabi,canal,high,sugarcane
187,69,127,27.34,68.97,7.07,676.73,Maharashtra,Rabi,canal,high,sugarcane
191,68,129,25.03,66.58,6.93,854.46,Maharashtra,Rabi,canal,high,sugarcane
166,64,106,25.55,68.54,6.77,684.97,Maharashtra,Rabi,canal,high,sugarcane
195,59,105,27.67,73.01,7.15,609.44,Maharashtra,Rabi,canal,high,sugarcane
199,66,110,26.51,69.53,7.45,869.34,Maharashtra,Rabi,canal,high,sugarcane
170,77,111,27.97,73.88,6.6,762.0,Maharashtra,Rabi,canal,high,sugarcane
193,66,122,28.29,70.3,6.85,807.2,Maharashtra,Rabi,canal,high,sugarcane
204,67,113,24.93,67.73,6.71,783.96,Maharashtra,Rabi,canal,high,sugarcane
210,62,134,28.55,70.97,6.65,843.15,Maharashtra,Rabi,canal,high,sugarcane
194,63,117,25.17,64.13,7.09,666.24,Maharashtra,Rabi,canal,high,sugarcane
240,56,107,27.27,76.12,6.92,767.92,Maharashtra,Rabi,canal,high,sugarcane
167,59,109,23.66,70.47,6.23,625.84,Maharashtra,Rabi,canal,high,sugarcane
187,58,124,26.96,73.58,7.13,810.56,Maharashtra,Rabi,canal,high,sugarcane
195,64,125,26.71,68.41,6.8,663.68,Maharashtra,Rabi,canal,high,sugarcane
201,62,113,25.51,65.16,7.19,730.9,Maharashtra,Rabi,canal,high,sugarcane
182,67,114,24.39,74.08,6.74,694.33,Maharashtra,Rabi,canal,high,sugarcane
196,69,120,24.7,72.18,6.75,866.59,Maharashtra,Rabi,canal,high,sugarcane
195,49,124,29.42,76.3,7.45,648.52,Maharashtra,Rabi,canal,high,sugarcane
209,58,122,24.59,67.42,6.7,792.39,Maharashtra,Rabi,canal,high,sugarcane
207,64,106,26.03,67.02,7.16,813.36,Maharashtra,Rabi,canal,high,sugarcane
211,58,93,23.85,75.69,6.78,668.7,Maharashtra,Rabi,canal,high,sugarcane
220,70,120,26.06,69.47,6.97,845.0,Maharashtra,Rabi,canal,high,sugarcane
201,67,132,24.75,73.02,6.81,536.29,Maharashtra,Rabi,canal,high,sugarcane
163,57,125,26.67,70.74,7.49,629.82,Maharashtra,Rabi,canal,high,sugarcane
195,64,113,26.54,63.6,7.32,673.88,Maharashtra,Rabi,canal,high,sugarcane
225,62,130,26.42,69.88,6.72,733.93,Maharashtra,Rabi,canal,high,sugarcane
200,58,119,25.58,79.2,6.87,840.89,Maharashtra,Rabi,canal,high,sugarcane
192,64,107,25.83,70.84,7.38,741.65,Maharashtra,Rabi,canal,high,sugarcane
216,66,136,26.41,79.56,6.75,667.52,Maharashtra,Rabi,canal,high,sugarcane
177,76,128,26.0,75.0,7.11,872.46,Maharashtra,Rabi,canal,high,sugarcane
172,61,115,23.54,74.24,6.82,780.47,Maharashtra,Rabi,canal,high,sugarcane
230,60,116,26.68,73.95,6.73,677.68,Maharashtra,Rabi,canal,high,sugarcane
211,65,100,24.66,76.0,7.02,667.84,Maharashtra,Rabi,canal,high,sugarcane
192,63,127,24.46,66.64,6.98,717.51,Maharashtra,Rabi,canal,high,sugarcane
204,55,124,28.14,71.95,6.94,717.81,Maharashtra,Rabi,canal,high,sugarcane
182,62,133,26.32,66.44,6.75,740.06,Maharashtra,Rabi,canal,high,sugarcane
189,65,125,27.83,75.69,7.2,654.93,Maharashtra,Rabi,canal,high,sugarcane
181,62,115,24.79,68.23,6.76,674.61,Maharashtra,Rabi,canal,high,sugarcane
190,69,122,30.21,70.68,6.81,725.31,Maharashtra,Rabi,canal,high,sugarcane
199,65,141,25.23,73.44,6.96,607.17,Maharashtra,Rabi,canal,high,sugarcane
207,70,111,26.49,63.1,6.52,803.6,Maharashtra,Rabi,canal,high,sugarcane
188,56,122,25.72,68.12,7.12,637.87,Maharashtra,Rabi,canal,high,sugarcane
181,63,130,28.36,67.34,7.18,666.19,Maharashtra,Rabi,canal,high,sugarcane
222,56,133,25.52,78.05,7.08,648.8,Maharashtra,Rabi,canal,high,sugarcane
187,67,131,26.39,70.18,7.13,734.88,Maharashtra,Rabi,canal,high,sugarcane
176,58,122,28.32,76.46,7.13,746.55,Maharashtra,Rabi,canal,high,sugarcane
206,59,118,25.26,65.01,7.0,738.91,Maharashtra,Rabi,canal,high,sugarcane
205,66,122,27.33,69.83,7.02,670.54,Maharashtra,Rabi,canal,high,sugarcane
201,66,113,26.58,67.51,6.74,640.63,Maharashtra,Rabi,canal,high,sugarcane
214,69,125,29.46,69.24,7.8,707.94,Maharashtra,Rabi,canal,high,sugarcane
199,60,124,27.75,69.54,7.43,742.94,Maharashtra,Rabi,canal,high,sugarcane
199,57,124,26.3,67.57,6.67,925.38,Maharashtra,Rabi,canal,high,sugarcane
191,54,113,26.42,72.19,7.07,775.75,Maharashtra,Rabi,canal,high,sugarcane
185,64,111,25.57,66.33,6.54,804.82,Maharashtra,Rabi,canal,high,sugarcane
205,68,120,27.67,62.95,7.16,738.28,Maharashtra,Rabi,canal,high,sugarcane
204,65,110,24.25,67.15,7.07,776.76,Maharashtra,Rabi,canal,high,sugarcane
174,57,113,25.96,64.55,6.47,663.36,Maharashtra,Rabi,canal,high,sugarcane
196,56,119,28.09,64.79,6.84,801.86,Maharashtra,Rabi,canal,high,sugarcane
189,59,132,26.04,74.42,7.03,699.29,Maharashtra,Rabi,canal,high,sugarcane
202,64,130,25.68,70.16,6.88,777.81,Maharashtra,Rabi,canal,high,sugarcane
180,68,125,24.52,74.83,7.57,800.14,Maharashtra,Rabi,canal,high,sugarcane
216,63,103,23.73,71.02,6.72,656.41,Maharashtra,Rabi,canal,high,sugarcane
194,66,105,25.83,76.04,6.58,790.23,Maharashtra,Rabi,canal,high,sugarcane
188,66,131,27.61,73.64,6.55,808.52,Maharashtra,Rabi,canal,high,sugarcane
182,64,123,27.23,71.35,6.65,623.76,Maharashtra,Rabi,canal,high,sugarcane
208,64,131,26.43,64.38,7.19,697.22,Maharashtra,Rabi,canal,high,sugarcane
200,59,136,25.19,68.65,6.93,643.09,Maharashtra,Rabi,canal,high,sugarcane
200,72,115,27.09,59.0,6.89,701.52,Maharashtra,Rabi,canal,high,sugarcane
183,69,117,26.23,68.49,6.32,640.1,Maharashtra,Rabi,canal,high,sugarcane
209,50,112,25.9,76.97,7.13,683.21,Maharashtra,Rabi,canal,high,sugarcane
215,58,130,24.46,74.29,6.78,647.86,Maharashtra,Rabi,canal,high,sugarcane
192,64,115,27.33,67.67,7.09,758.17,Maharashtra,Rabi,canal,high,sugarcane
194,60,122,27.33,78.25,7.18,798.2,Maharashtra,Rabi,canal,high,sugarcane
240,66,125,27.56,65.96,6.77,687.04,Maharashtra,Rabi,canal,high,sugarcane
205,61,121,28.13,73.45,6.85,674.75,Maharashtra,Rabi,canal,high,sugarcane
212,67,104,26.03,70.66,7.13,793.26,Maharashtra,Rabi,canal,high,sugarcane
199,66,121,25.49,68.95,6.91,722.4,Maharashtra,Rabi,canal,high,sugarcane
167,60,121,26.08,69.01,7.05,644.08,Maharashtra,Rabi,canal,high,sugarcane
171,60,128,29.03,73.13,6.46,707.57,Maharashtra,Rabi,canal,high,sugarcane
199,64,125,25.12,70.26,7.03,786.93,Maharashtra,Rabi,canal,high,sugarcane
183,60,93,25.57,67.9,6.59,737.42,Maharashtra,Rabi,canal,high,sugarcane
194,49,122,25.11,71.94,6.52,727.25,Maharashtra,Rabi,canal,high,sugarcane
191,64,121,26.12,63.85,6.46,681.21,Maharashtra,Rabi,canal,high,sugarcane
195,59,126,26.08,66.14,6.82,741.94,Maharashtra,Rabi,canal,high,sugarcane
200,73,113,26.39,71.7,6.89,687.45,Maharashtra,Rabi,canal,high,sugarcane
172,60,109,23.91,66.82,6.59,768.78,Maharashtra,Rabi,canal,high,sugarcane
204,57,117,23.71,68.02,7.02,786.87,Maharashtra,Rabi,canal,high,sugarcane
184,69,105,24.63,72.84,7.4,762.01,Maharashtra,Rabi,canal,high,sugarcane
194,50,100,26.69,68.57,6.57,729.91,Maharashtra,Rabi,canal,high,sugarcane
197,68,121,28.34,70.03,6.87,804.82,Maharashtra,Rabi,canal,high,sugarcane
180,79,124,27.07,72.1,7.46,784.44,Maharashtra,Rabi,canal,high,sugarcane
171,71,117,26.66,64.88,7.06,676.15,Maharashtra,Rabi,canal,high,sugarcane
197,61,139,29.47,70.19,6.92,696.99,Maharashtra,Rabi,canal,high,sugarcane
212,61,116,27.97,67.85,6.89,606.4,Maharashtra,Rabi,canal,high,sugarcane
206,74,127,28.69,66.62,6.97,654.26,Maharashtra,Rabi,canal,high,sugarcane
192,67,121,24.38,64.74,6.49,761.86,Maharashtra,Rabi,canal,high,sugarcane
226,70,101,28.63,73.75,6.44,702.26,Maharashtra,Rabi,canal,high,sugarcane
211,66,107,27.42,61.45,6.83,810.35,Maharashtra,Rabi,canal,high,sugarcane
195,60,129,27.96,75.24,7.16,806.1,Maharashtra,Rabi,canal,high,sugarcane
206,64,121,26.14,65.15,6.61,703.85,Maharashtra,Rabi,canal,high,sugarcane
199,71,120,28.01,74.32,6.83,769.6,Maharashtra,Rabi,canal,high,sugarcane
191,70,126,24.71,70.65,7.39,711.41,Maharashtra,Rabi,canal,high,sugarcane
202,66,110,27.27,64.42,6.71,805.68,Maharashtra,Rabi,canal,high,sugarcane
200,61,124,26.41,70.05,7.1,670.45,Maharashtra,Rabi,canal,high,sugarcane
196,61,104,25.12,76.27,7.02,625.73,Maharashtra,Rabi,canal,high,sugarcane
172,62,136,26.22,75.23,7.01,760.34,Maharashtra,Rabi,canal,high,sugarcane
175,68,117,27.79,66.74,6.95,751.4,Maharashtra,Rabi,canal,high,sugarcane
193,65,117,25.53,76.42,7.21,667.94,Maharashtra,Rabi,canal,high,sugarcane
204,58,108,28.05,63.18,7.18,706.05,Maharashtra,Rabi,canal,high,sugarcane
192,65,126,25.26,72.87,6.93,630.8,Maharashtra,Rabi,canal,high,sugarcane
192,71,137,27.58,65.24,7.05,788.81,Maharashtra,Rabi,canal,high,sugarcane
206,67,124,26.39,67.57,6.33,750.47,Maharashtra,Rabi,canal,high,sugarcane
198,66,107,27.47,78.22,6.92,720.38,Maharashtra,Rabi,canal,high,sugarcane
200,74,110,26.8,66.8,6.74,721.28,Maharashtra,Rabi,canal,high,sugarcane
215,73,124,25.94,79.97,6.77,682.16,Maharashtra,Rabi,canal,high,sugarcane
168,71,130,30.13,64.44,7.34,730.26,Maharashtra,Rabi,canal,high,sugarcane
207,53,135,27.68,69.84,7.09,667.59,Maharashtra,Rabi,canal,high,sugarcane
186,60,101,27.79,74.77,6.69,751.12,Maharashtra,Rabi,canal,high,sugarcane
191,64,114,25.17,74.21,6.88,876.66,Maharashtra,Rabi,canal,high,sugarcane
196,57,132,27.45,72.91,7.26,676.04,Maharashtra,Rabi,canal,high,sugarcane
193,61,107,26.1,75.35,6.97,624.05,Maharashtra,Rabi,canal,high,sugarcane
172,72,119,25.53,68.9,6.46,831.73,Maharashtra,Rabi,canal,high,sugarcane
189,70,121,28.64,71.03,7.16,778.93,Maharashtra,Rabi,canal,high,sugarcane
204,65,118,29.37,66.37,6.9,726.12,Maharashtra,Rabi,canal,high,sugarcane
201,60,123,26.25,63.67,6.9,642.46,Maharashtra,Rabi,canal,high,sugarcane
169,63,125,27.29,72.27,6.32,622.92,Maharashtra,Rabi,canal,high,sugarcane
225,56,126,25.47,70.32,6.71,767.12,Maharashtra,Rabi,canal,high,sugarcane
197,60,109,26.9,65.15,7.03,921.99,Maharashtra,Rabi,canal,high,sugarcane
215,67,119,23.59,64.71,7.28,665.77,Maharashtra,Rabi,canal,high,sugarcane
185,62,109,24.66,69.8,6.63,669.42,Maharashtra,Rabi,canal,high,sugarcane
183,66,118,26.23,72.39,6.86,704.13,Maharashtra,Rabi,canal,high,sugarcane
202,66,119,26.62,66.87,6.64,782.69,Maharashtra,Rabi,canal,high,sugarcane
202,65,123,26.57,72.79,7.18,793.34,Maharashtra,Rabi,canal,high,sugarcane
193,71,122,27.45,71.13,6.97,669.82,Maharashtra,Rabi,canal,high,sugarcane
206,79,116,26.61,68.22,6.75,840.83,Maharashtra,Rabi,canal,high,sugarcane
185,60,104,25.36,63.17,7.09,934.98,Maharashtra,Rabi,canal,high,sugarcane
189,53,129,25.41,75.2,6.82,677.61,Maharashtra,Rabi,canal,high,sugarcane
192,67,118,25.75,69.2,6.52,754.78,Maharashtra,Rabi,canal,high,sugarcane
168,60,128,26.95,72.36,6.88,812.73,Maharashtra,Rabi,canal,high,sugarcane
209,65,129,27.63,68.24,6.5,756.53,Maharashtra,Rabi,canal,high,sugarcane
203,69,111,25.14,71.84,6.88,583.57,Maharashtra,Rabi,canal,high,sugarcane
201,52,111,28.53,77.3,6.54,700.3,Maharashtra,Rabi,canal,high,sugarcane
196,73,115,25.78,76.19,6.79,779.17,Maharashtra,Rabi,canal,high,sugarcane
173,62,103,24.92,73.36,6.89,701.07,Maharashtra,Rabi,canal,high,sugarcane
184,61,123,27.97,59.5,6.65,736.93,Maharashtra,Rabi,canal,high,sugarcane
194,65,123,26.04,67.89,6.83,811.16,Maharashtra,Rabi,canal,high,sugarcane
184,62,122,28.84,68.8,7.19,817.4,Maharashtra,Rabi,canal,high,sugarcane
194,61,117,26.12,73.42,6.97,742.65,Maharashtra,Rabi,canal,high,sugarcane
178,57,141,26.23,66.9,7.33,746.14,Maharashtra,Rabi,canal,high,sugarcane
204,62,117,26.25,64.47,6.87,747.2,Maharashtra,Rabi,canal,high,sugarcane
223,63,97,26.36,80.96,7.16,664.18,Maharashtra,Rabi,canal,high,sugarcane
204,58,106,25.98,70.37,6.34,638.81,Maharashtra,Rabi,canal,high,sugarcane
195,60,124,24.68,72.86,6.54,848.21,Maharashtra,Rabi,canal,high,sugarcane
169,56,124,29.0,71.26,7.07,726.32,Maharashtra,Rabi,canal,high,sugarcane
180,60,108,24.58,71.61,6.56,748.97,Maharashtra,Rabi,canal,high,sugarcane
175,64,115,28.61,71.29,7.27,668.33,Maharashtra,Rabi,canal,high,sugarcane
196,57,116,26.11,67.1,6.54,618.99,Maharashtra,Rabi,canal,high,sugarcane
160,56,126,24.1,64.53,7.44,677.26,Maharashtra,Rabi,canal,high,sugarcane
200,66,127,24.22,69.08,6.41,908.47,Maharashtra,Rabi,canal,high,sugarcane
171,56,110,24.26,75.41,7.63,689.32,Maharashtra,Rabi,canal,high,sugarcane
175,49,118,26.03,67.39,6.97,754.64,Maharashtra,Rabi,canal,high,sugarcane
200,61,109,27.5,70.05,7.17,784.26,Maharashtra,Rabi,canal,high,sugarcane
174,54,112,24.92,73.02,7.01,807.44,Maharashtra,Rabi,canal,high,sugarcane
201,64,132,27.2,70.27,7.34,733.64,Maharashtra,Rabi,canal,high,sugarcane
190,58,127,28.36,69.8,7.29,577.25,Maharashtra,Rabi,canal,high,sugarcane
194,62,113,30.08,69.74,6.78,726.95,Maharashtra,Rabi,canal,high,sugarcane
165,58,130,25.56,66.68,7.29,825.52,Maharashtra,Rabi,canal,high,sugarcane
203,60,118,25.29,66.02,6.59,678.65,Maharashtra,Rabi,canal,high,sugarcane
179,53,122,26.85,76.8,6.7,747.21,Maharashtra,Rabi,canal,high,sugarcane
200,61,127,27.66,71.31,6.82,698.19,Maharashtra,Rabi,canal,high,sugarcane
174,58,114,24.81,71.76,7.26,656.9,Maharashtra,Rabi,canal,high,sugarcane
199,56,117,25.46,72.41,6.7,800.87,Maharashtra,Rabi,canal,high,sugarcane
191,59,107,26.88,73.58,6.98,892.91,Maharashtra,Rabi,canal,high,sugarcane
216,61,117,27.2,66.65,7.25,752.12,Maharashtra,Rabi,canal,high,sugarcane
199,67,137,26.76,69.55,7.35,797.57,Maharashtra,Rabi,canal,high,sugarcane
190,63,122,27.04,64.57,6.44,658.45,Maharashtra,Rabi,canal,high,sugarcane
181,59,126,26.25,70.79,6.53,690.38,Maharashtra,Rabi,canal,high,sugarcane
204,66,113,26.74,78.8,6.89,673.01,Maharashtra,Rabi,canal,high,sugarcane
192,63,118,26.45,64.23,6.61,713.8,Maharashtra,Rabi,canal,high,sugarcane
193,59,118,26.59,73.56,6.87,754.93,Maharashtra,Rabi,canal,high,sugarcane
187,66,124,27.8,72.85,7.08,717.62,Maharashtra,Rabi,canal,high,sugarcane
199,69,113,25.56,70.73,7.02,663.19,Maharashtra,Rabi,canal,high,sugarcane
194,62,98,26.17,69.37,6.85,831.19,Maharashtra,Rabi,canal,high,sugarcane
177,58,94,25.78,68.42,6.75,808.08,Maharashtra,Rabi,canal,high,sugarcane
208,63,116,28.04,69.92,6.65,596.28,Maharashtra,Rabi,canal,high,sugarcane
188,67,143,26.59,66.94,6.54,766.4,Maharashtra,Rabi,canal,high,sugarcane
169,66,128,27.15,69.12,7.07,737.82,Maharashtra,Rabi,canal,high,sugarcane
183,73,116,27.66,60.33,7.28,835.16,Maharashtra,Rabi,canal,high,sugarcane
195,66,126,25.54,72.19,6.66,679.34,Maharashtra,Rabi,canal,high,sugarcane
212,68,113,25.4,67.42,7.12,650.0,Maharashtra,Rabi,canal,high,sugarcane
200,67,119,28.02,68.78,6.84,651.71,Maharashtra,Rabi,canal,high,sugarcane
210,58,123,26.39,65.79,6.72,828.72,Maharashtra,Rabi,canal,high,sugarcane
198,57,123,26.28,82.0,6.99,696.45,Maharashtra,Rabi,canal,high,sugarcane
216,52,121,29.49,69.54,6.38,695.31,Maharashtra,Rabi,canal,high,sugarcane
217,65,112,25.47,67.76,7.01,825.36,Maharashtra,Rabi,canal,high,sugarcane
211,65,107,24.51,72.13,6.5,708.08,Maharashtra,Rabi,canal,high,sugarcane
200,56,110,26.36,72.01,7.22,770.53,Maharashtra,Rabi,canal,high,sugarcane
196,58,109,25.73,71.64,7.0,567.51,Maharashtra,Rabi,canal,high,sugarcane
183,70,121,24.37,79.42,6.89,753.83,Maharashtra,Rabi,canal,high,sugarcane
201,60,113,29.68,74.01,7.15,768.22,Maharashtra,Rabi,canal,high,sugarcane
180,70,112,26.92,63.44,6.29,748.87,Maharashtra,Rabi,canal,high,sugarcane
200,56,128,32.57,59.02,6.51,684.59,Maharashtra,Summer,canal,high,sugarcane
190,62,111,32.47,69.48,6.92,759.54,Maharashtra,Summer,canal,high,sugarcane
202,57,124,29.4,69.87,6.89,661.14,Maharashtra,Summer,canal,high,sugarcane
185,70,118,30.29,65.15,7.06,702.41,Maharashtra,Summer,canal,high,sugarcane
201,65,141,30.32,64.54,6.66,721.2,Maharashtra,Summer,canal,high,sugarcane
212,62,112,29.63,68.99,7.12,715.74,Maharashtra,Summer,canal,high,sugarcane
185,64,121,31.36,69.84,6.97,725.92,Maharashtra,Summer,canal,high,sugarcane
196,64,126,28.57,65.27,6.76,627.08,Maharashtra,Summer,canal,high,sugarcane
191,71,111,32.61,60.05,6.8,687.21,Maharashtra,Summer,canal,high,sugarcane
204,67,128,30.42,64.73,7.16,660.65,Maharashtra,Summer,canal,high,sugarcane
176,56,111,31.83,67.05,7.11,642.96,Maharashtra,Summer,canal,high,sugarcane
197,66,117,31.76,63.96,6.79,646.37,Maharashtra,Summer,canal,high,sugarcane
177,65,115,31.02,68.34,7.03,724.9,Maharashtra,Summer,canal,high,sugarcane
194,60,119,28.19,60.95,6.5,600.21,Maharashtra,Summer,canal,high,sugarcane
201,57,116,33.17,65.13,7.12,604.98,Maharashtra,Summer,canal,high,sugarcane
192,57,117,32.4,59.88,7.03,692.83,Maharashtra,Summer,canal,high,sugarcane
186,54,121,30.12,67.39,6.91,795.13,Maharashtra,Summer,canal,high,sugarcane
191,57,122,31.37,71.71,7.15,701.77,Maharashtra,Summer,canal,high,sugarcane
217,56,114,29.46,65.01,6.49,722.64,Maharashtra,Summer,canal,high,sugarcane
192,54,110,31.52,69.71,7.5,893.54,Maharashtra,Summer,canal,high,sugarcane
201,57,99,31.45,63.38,6.78,629.09,Maharashtra,Summer,canal,high,sugarcane
193,69,122,30.74,62.53,6.4,638.53,Maharashtra,Summer,canal,high,sugarcane
194,73,121,32.64,64.59,6.54,602.62,Maharashtra,Summer,canal,high,sugarcane
184,75,112,32.4,63.04,7.18,703.87,Maharashtra,Summer,canal,high,sugarcane
193,62,113,31.74,64.76,6.53,579.15,Maharashtra,Summer,canal,high,sugarcane
198,72,122,30.8,67.6,7.29,691.45,Maharashtra,Summer,canal,high,sugarcane
189,69,124,33.56,67.2,6.53,572.39,Maharashtra,Summer,canal,high,sugarcane
220,73,118,30.36,72.1,6.57,607.9,Maharashtra,Summer,canal,high,sugarcane
205,60,120,30.73,67.79,7.32,681.79,Maharashtra,Summer,canal,high,sugarcane
205,51,120,29.59,61.83,6.64,649.94,Maharashtra,Summer,canal,high,sugarcane
209,55,120,30.19,65.24,7.2,715.36,Maharashtra,Summer,canal,high,sugarcane
215,62,113,30.63,67.43,6.95,593.67,Maharashtra,Summer,canal,high,sugarcane
196,64,145,34.13,63.23,6.81,565.24,Maharashtra,Summer,canal,high,sugarcane
186,64,132,29.78,63.99,6.26,662.8,Maharashtra,Summer,canal,high,sugarcane
179,59,111,30.84,59.76,6.46,834.69,Maharashtra,Summer,canal,high,sugarcane
176,56,138,35.84,62.01,6.79,700.62,Maharashtra,Summer,canal,high,sugarcane
221,57,118,32.3,68.17,6.79,664.96,Maharashtra,Summer,canal,high,sugarcane
174,61,117,31.39,64.37,7.04,750.95,Maharashtra,Summer,canal,high,sugarcane
197,65,121,31.0,63.73,6.99,667.7,Maharashtra,Summer,canal,high,sugarcane
226,72,124,29.73,62.24,7.26,694.71,Maharashtra,Summer,canal,high,sugarcane
202,52,129,31.76,62.24,6.76,694.78,Maharashtra,Summer,canal,high,sugarcane
196,61,119,30.58,67.08,7.34,482.5,Maharashtra,Summer,canal,high,sugarcane
191,64,123,30.38,59.77,7.0,804.55,Maharashtra,Summer,canal,high,sugarcane
172,68,117,30.9,62.46,6.8,772.5,Maharashtra,Summer,canal,high,sugarcane
204,73,132,31.73,73.19,7.03,737.1,Maharashtra,Summer,canal,high,sugarcane
191,63,113,32.65,61.98,7.13,660.7,Maharashtra,Summer,canal,high,sugarcane
213,67,138,32.22,60.47,6.88,587.1,Maharashtra,Summer,canal,high,sugarcane
187,71,126,29.84,62.61,6.91,583.76,Maharashtra,Summer,canal,high,sugarcane
185,64,132,32.01,57.72,6.99,680.4,Maharashtra,Summer,canal,high,sugarcane
201,72,99,30.01,68.77,6.43,785.7,Maharashtra,Summer,canal,high,sugarcane
201,67,114,32.36,70.6,6.97,692.58,Maharashtra,Summer,canal,high,sugarcane
199,57,119,30.75,67.97,7.2,595.61,Maharashtra,Summer,canal,high,sugarcane
193,71,113,29.63,67.28,7.15,675.86,Maharashtra,Summer,canal,high,sugarcane
215,67,128,31.92,75.42,6.84,524.74,Maharashtra,Summer,canal,high,sugarcane
219,60,121,33.18,60.36,6.52,554.9,Maharashtra,Summer,canal,high,sugarcane
183,65,125,31.46,61.08,6.21,679.08,Maharashtra,Summer,canal,high,sugarcane
188,65,127,31.23,69.41,6.97,714.75,Maharashtra,Summer,canal,high,sugarcane
184,61,122,32.37,64.99,7.06,655.06,Maharashtra,Summer,canal,high,sugarcane
193,67,100,28.84,60.82,6.2,624.13,Maharashtra,Summer,canal,high,sugarcane
206,61,122,32.82,71.59,6.88,776.52,Maharashtra,Summer,canal,high,sugarcane
196,58,114,28.53,63.1,6.79,735.27,Maharashtra,Summer,canal,high,sugarcane
221,54,124,29.27,68.32,6.86,537.68,Maharashtra,Summer,canal,high,sugarcane
209,59,115,29.22,63.99,7.03,660.81,Maharashtra,Summer,canal,high,sugarcane
200,65,133,30.43,60.84,7.22,650.14,Maharashtra,Summer,canal,high,sugarcane
212,65,119,31.58,73.98,7.52,680.2,Maharashtra,Summer,canal,high,sugarcane
197,69,112,31.56,66.4,6.99,612.5,Maharashtra,Summer,canal,high,sugarcane
171,50,109,30.24,65.38,7.48,757.95,Maharashtra,Summer,canal,high,sugarcane
181,65,116,30.53,67.21,7.09,649.56,Maharashtra,Summer,canal,high,sugarcane
211,56,120,35.33,67.36,7.33,681.86,Maharashtra,Summer,canal,high,sugarcane
204,62,118,29.7,68.15,6.64,724.92,Maharashtra,Summer,canal,high,sugarcane
211,65,117,31.76,65.32,7.18,537.64,Maharashtra,Summer,canal,high,sugarcane
190,51,105,33.27,69.93,6.68,562.31,Maharashtra,Summer,canal,high,sugarcane
151,59,144,31.72,64.35,7.04,557.93,Maharashtra,Summer,canal,high,sugarcane
191,63,119,32.32,67.82,7.1,623.37,Maharashtra,Summer,canal,high,sugarcane
208,72,110,29.52,71.62,6.84,780.29,Maharashtra,Summer,canal,high,sugarcane
188,71,121,31.43,72.5,6.79,604.42,Maharashtra,Summer,canal,high,sugarcane
188,65,104,32.06,64.43,7.24,495.43,Maharashtra,Summer,canal,high,sugarcane
183,53,112,31.41,65.81,6.82,663.06,Maharashtra,Summer,canal,high,sugarcane
198,57,127,32.1,67.98,7.07,697.23,Maharashtra,Summer,canal,high,sugarcane
226,62,117,29.74,62.54,6.53,608.34,Maharashtra,Summer,canal,high,sugarcane
194,64,121,29.72,69.95,7.12,663.03,Maharashtra,Summer,canal,high,sugarcane
185,66,122,28.59,66.24,6.98,607.52,Maharashtra,Summer,canal,high,sugarcane
198,54,133,33.08,65.53,7.01,494.26,Maharashtra,Summer,canal,high,sugarcane
178,61,109,32.19,74.16,6.55,612.19,Maharashtra,Summer,canal,high,sugarcane
199,72,108,31.42,73.48,6.4,578.92,Maharashtra,Summer,canal,high,sugarcane
189,59,128,31.4,59.7,7.05,631.68,Maharashtra,Summer,canal,high,sugarcane
214,59,114,31.9,69.42,7.03,548.58,Maharashtra,Summer,canal,high,sugarcane
203,56,122,28.63,68.21,6.66,578.8,Maharashtra,Summer,canal,high,sugarcane
206,64,114,33.42,64.81,6.91,695.17,Maharashtra,Summer,canal,high,sugarcane
186,65,115,30.31,71.72,6.59,494.04,Maharashtra,Summer,canal,high,sugarcane
219,77,116,27.77,65.31,6.81,660.76,Maharashtra,Summer,canal,high,sugarcane
178,66,125,28.51,69.18,7.52,687.9,Maharashtra,Summer,canal,high,sugarcane
190,62,126,28.12,67.13,6.78,813.59,Maharashtra,Summer,canal,high,sugarcane
192,72,109,31.98,67.72,6.64,688.3,Maharashtra,Summer,canal,high,sugarcane
213,61,103,30.97,63.04,6.8,668.88,Maharashtra,Summer,canal,high,sugarcane
169,53,125,30.13,56.67,7.14,695.43,Maharashtra,Summer,canal,high,sugarcane
184,55,128,31.58,75.63,7.03,704.08,Maharashtra,Summer,canal,high,sugarcane
192,67,126,33.09,64.5,6.77,639.07,Maharashtra,Summer,canal,high,sugarcane
207,71,115,30.29,67.7,6.83,746.4,Maharashtra,Summer,canal,high,sugarcane
161,58,112,27.13,62.81,6.63,659.92,Maharashtra,Summer,canal,high,sugarcane
212,61,110,30.91,70.52,6.61,606.71,Maharashtra,Summer,canal,high,sugarcane
203,61,126,30.98,69.19,6.59,674.09,Maharashtra,Summer,canal,high,sugarcane
192,55,104,32.14,65.15,6.59,667.79,Maharashtra,Summer,canal,high,sugarcane
212,49,105,29.46,72.1,6.98,732.55,Maharashtra,Summer,canal,high,sugarcane
178,56,124,31.1,68.6,6.84,695.86,Maharashtra,Summer,canal,high,sugarcane
197,67,128,28.3,57.89,7.2,764.08,Maharashtra,Summer,canal,high,sugarcane
180,52,121,32.55,73.39,7.05,647.12,Maharashtra,Summer,canal,high,sugarcane
182,63,117,29.31,74.35,7.44,760.2,Maharashtra,Summer,canal,high,sugarcane
181,67,126,31.74,71.29,7.09,730.5,Maharashtra,Summer,canal,high,sugarcane
205,64,102,31.14,64.37,6.52,801.14,Maharashtra,Summer,canal,high,sugarcane
221,70,123,33.25,66.55,6.96,592.99,Maharashtra,Summer,canal,high,sugarcane
201,63,107,30.91,66.19,7.44,742.07,Maharashtra,Summer,canal,high,sugarcane
195,64,120,30.66,62.35,6.85,619.04,Maharashtra,Summer,canal,high,sugarcane
176,65,124,28.02,66.03,7.2,754.44,Maharashtra,Summer,canal,high,sugarcane
210,63,112,29.19,67.82,7.01,771.55,Maharashtra,Summer,canal,high,sugarcane
211,62,108,30.47,67.33,6.84,631.66,Maharashtra,Summer,canal,high,sugarcane
199,60,114,31.52,64.96,6.97,695.49,Maharashtra,Summer,canal,high,sugarcane
178,60,134,29.06,58.39,6.34,677.18,Maharashtra,Summer,canal,high,sugarcane
195,62,132,26.55,68.02,7.37,590.42,Maharashtra,Summer,canal,high,sugarcane
189,58,111,30.46,71.97,7.45,649.8,Maharashtra,Summer,canal,high,sugarcane
224,63,138,30.84,67.0,7.01,900.0,Maharashtra,Summer,canal,high,sugarcane
208,58,130,30.4,64.62,7.17,677.33,Maharashtra,Summer,canal,high,sugarcane
199,63,123,31.71,59.07,7.1,601.35,Maharashtra,Summer,canal,high,sugarcane
173,62,121,29.84,69.69,6.5,644.48,Maharashtra,Summer,canal,high,sugarcane
186,62,123,29.32,69.28,6.92,533.1,Maharashtra,Summer,canal,high,sugarcane
166,62,118,30.83,66.39,6.97,746.07,Maharashtra,Summer,canal,high,sugarcane
178,56,109,31.48,71.27,6.77,487.37,Maharashtra,Summer,canal,high,sugarcane
169,58,114,30.32,66.65,6.81,753.7,Maharashtra,Summer,canal,high,sugarcane
185,57,125,28.44,67.99,6.93,663.94,Maharashtra,Summer,canal,high,sugarcane
219,59,141,30.62,61.6,6.92,594.28,Maharashtra,Summer,canal,high,sugarcane
184,65,126,29.96,70.29,7.25,782.72,Maharashtra,Summer,canal,high,sugarcane
203,70,101,30.47,63.18,6.94,632.14,Maharashtra,Summer,canal,high,sugarcane
193,73,118,31.69,65.61,6.92,675.45,Maharashtra,Summer,canal,high,sugarcane
202,69,136,31.52,68.76,6.55,668.41,Maharashtra,Summer,canal,high,sugarcane
209,68,122,32.48,68.38,7.26,696.7,Maharashtra,Summer,canal,high,sugarcane
190,64,91,31.64,55.0,6.38,708.88,Maharashtra,Summer,canal,high,sugarcane
202,56,113,33.28,64.64,7.57,674.86,Maharashtra,Summer,canal,high,sugarcane
201,72,121,29.33,66.08,6.89,572.64,Maharashtra,Summer,canal,high,sugarcane
191,58,129,31.06,65.42,6.87,691.73,Maharashtra,Summer,canal,high,sugarcane
204,57,110,32.84,64.92,6.47,708.29,Maharashtra,Summer,canal,high,sugarcane
202,54,122,32.23,67.94,7.09,569.68,Maharashtra,Summer,canal,high,sugarcane
200,61,115,32.45,72.17,7.44,773.61,Maharashtra,Summer,canal,high,sugarcane
193,65,128,31.2,67.0,7.15,670.55,Maharashtra,Summer,canal,high,sugarcane
184,60,126,31.0,67.8,7.1,646.89,Maharashtra,Summer,canal,high,sugarcane
206,65,108,33.4,64.58,6.4,596.62,Maharashtra,Summer,canal,high,sugarcane
180,63,117,30.44,68.88,7.0,698.7,Maharashtra,Summer,canal,high,sugarcane
201,66,99,30.39,58.14,6.91,674.65,Maharashtra,Summer,canal,high,sugarcane
211,69,122,30.17,68.36,6.74,674.9,Maharashtra,Summer,canal,high,sugarcane
210,59,128,32.13,62.84,7.19,727.39,Maharashtra,Summer,canal,high,sugarcane
197,58,111,30.1,68.58,6.61,707.81,Maharashtra,Summer,canal,high,sugarcane
176,61,121,35.08,61.22,7.34,686.24,Maharashtra,Summer,canal,high,sugarcane
201,63,124,30.74,72.07,6.76,759.92,Maharashtra,Summer,canal,high,sugarcane
185,62,109,31.76,72.04,6.88,660.23,Maharashtra,Summer,canal,high,sugarcane
178,61,104,29.48,67.37,7.3,885.69,Maharashtra,Summer,canal,high,sugarcane
186,71,122,30.75,68.16,6.92,683.28,Maharashtra,Summer,canal,high,sugarcane
189,54,105,32.09,65.44,6.72,675.64,Maharashtra,Summer,canal,high,sugarcane
207,64,113,33.04,72.55,7.05,748.02,Maharashtra,Summer,canal,high,sugarcane
214,69,126,32.0,68.49,6.57,727.55,Maharashtra,Summer,canal,high,sugarcane
175,58,133,32.4,72.2,6.82,588.58,Maharashtra,Summer,canal,high,sugarcane
191,63,121,32.89,65.12,7.01,600.85,Maharashtra,Summer,canal,high,sugarcane
202,63,113,30.61,65.79,6.82,807.85,Maharashtra,Summer,canal,high,sugarcane
194,61,99,29.51,65.49,6.69,778.63,Maharashtra,Summer,canal,high,sugarcane
193,70,121,31.06,66.16,6.9,803.91,Maharashtra,Summer,canal,high,sugarcane
160,51,115,31.02,69.15,7.04,646.18,Maharashtra,Summer,canal,high,sugarcane
210,69,122,32.6,67.55,6.73,727.34,Maharashtra,Summer,canal,high,sugarcane
197,63,135,26.92,61.07,6.54,647.76,Maharashtra,Summer,canal,high,sugarcane
191,54,110,29.57,75.92,7.44,644.12,Maharashtra,Summer,canal,high,sugarcane
190,56,101,30.81,62.67,6.87,554.98,Maharashtra,Summer,canal,high,sugarcane
184,63,124,31.7,61.44,7.16,614.98,Maharashtra,Summer,canal,high,sugarcane
204,62,106,30.47,67.9,7.08,664.43,Maharashtra,Summer,canal,high,sugarcane
218,68,117,32.25,73.91,7.49,582.9,Maharashtra,Summer,canal,high,sugarcane
181,71,109,28.8,64.64,7.03,667.32,Maharashtra,Summer,canal,high,sugarcane
185,59,113,29.53,75.25,6.99,741.51,Maharashtra,Summer,canal,high,sugarcane
188,61,113,26.58,61.22,6.36,506.27,Maharashtra,Summer,canal,high,sugarcane
177,70,120,33.15,68.08,7.13,607.43,Maharashtra,Summer,canal,high,sugarcane
203,67,114,31.93,68.67,6.74,590.79,Maharashtra,Summer,canal,high,sugarcane
177,63,123,29.68,66.6,7.07,721.36,Maharashtra,Summer,canal,high,sugarcane
218,70,110,33.81,64.46,7.21,680.1,Maharashtra,Summer,canal,high,sugarcane
189,52,118,28.4,70.21,7.36,615.23,Maharashtra,Summer,canal,high,sugarcane
200,58,114,32.29,66.35,7.42,638.83,Maharashtra,Summer,canal,high,sugarcane
210,63,128,30.25,66.31,6.87,612.3,Maharashtra,Summer,canal,high,sugarcane
205,66,126,33.56,72.06,6.79,702.98,Maharashtra,Summer,canal,high,sugarcane
186,63,114,33.7,67.89,6.83,764.52,Maharashtra,Summer,canal,high,sugarcane
162,51,128,31.1,67.46,6.5,673.26,Maharashtra,Summer,canal,high,sugarcane
225,67,122,30.27,64.99,6.26,694.32,Maharashtra,Summer,canal,high,sugarcane
208,53,113,29.07,62.8,6.92,518.67,Maharashtra,Summer,canal,high,sugarcane
204,67,117,26.87,62.68,7.27,466.65,Maharashtra,Summer,canal,high,sugarcane
190,56,128,29.87,68.05,7.07,812.72,Maharashtra,Summer,canal,high,sugarcane
192,65,105,32.98,63.58,6.73,673.33,Maharashtra,Summer,canal,high,sugarcane
172,64,130,31.49,60.41,6.86,730.65,Maharashtra,Summer,canal,high,sugarcane
167,56,129,31.45,68.08,7.46,710.14,Maharashtra,Summer,canal,high,sugarcane
205,78,118,29.67,68.14,7.03,635.5,Maharashtra,Summer,canal,high,sugarcane
180,76,123,29.78,70.01,6.87,656.03,Maharashtra,Summer,canal,high,sugarcane
203,55,124,34.19,68.29,6.79,636.97,Maharashtra,Summer,canal,high,sugarcane
189,61,116,32.53,59.86,7.16,646.52,Maharashtra,Summer,canal,high,sugarcane
201,56,133,33.08,70.18,6.45,737.18,Maharashtra,Summer,canal,high,sugarcane
201,53,120,31.61,68.63,6.95,696.84,Maharashtra,Summer,canal,high,sugarcane
217,70,91,30.47,65.87,6.37,682.06,Maharashtra,Summer,canal,high,sugarcane
214,56,123,29.47,63.92,7.34,634.31,Maharashtra,Summer,canal,high,sugarcane
202,52,139,32.0,65.8,7.07,569.26,Maharashtra,Summer,canal,high,sugarcane
213,61,118,30.18,64.27,7.11,694.19,Maharashtra,Summer,canal,high,sugarcane
205,62,125,30.3,75.05,6.43,769.57,Maharashtra,Summer,canal,high,sugarcane
216,58,142,32.66,70.22,6.91,658.71,Maharashtra,Summer,canal,high,sugarcane
192,65,134,31.3,63.01,7.15,744.09,Maharashtra,Summer,canal,high,sugarcane
205,67,117,29.45,63.17,6.41,692.77,Maharashtra,Summer,canal,high,sugarcane
194,60,90,28.92,70.8,6.7,702.04,Maharashtra,Summer,canal,high,sugarcane
174,71,119,31.48,75.42,7.35,652.01,Maharashtra,Summer,canal,high,sugarcane
186,61,125,30.82,64.98,7.34,666.43,Maharashtra,Summer,canal,high,sugarcane
229,63,138,31.6,70.19,6.68,610.97,Maharashtra,Summer,canal,high,sugarcane
202,68,120,28.86,61.29,6.47,542.43,Maharashtra,Summer,canal,high,sugarcane
197,69,120,27.23,65.77,6.85,832.2,Maharashtra,Summer,canal,high,sugarcane
173,60,137,31.75,68.66,6.93,699.75,Maharashtra,Summer,canal,high,sugarcane
207,58,129,28.71,67.76,6.95,628.78,Maharashtra,Summer,canal,high,sugarcane
195,59,109,30.41,62.27,7.0,588.74,Maharashtra,Summer,canal,high,sugarcane
206,56,114,29.96,71.58,7.0,659.12,Maharashtra,Summer,canal,high,sugarcane
202,50,120,34.33,67.01,6.92,716.11,Maharashtra,Summer,canal,high,sugarcane
208,51,103,31.35,63.76,7.29,651.36,Maharashtra,Summer,canal,high,sugarcane
166,55,93,30.61,65.78,6.77,755.92,Maharashtra,Summer,canal,high,sugarcane
213,62,99,32.03,68.63,6.99,748.61,Maharashtra,Summer,canal,high,sugarcane
178,74,110,32.25,60.03,6.62,788.73,Maharashtra,Summer,canal,high,sugarcane
191,67,122,30.83,71.73,6.83,541.44,Maharashtra,Summer,canal,high,sugarcane
183,66,124,28.39,63.72,6.73,647.59,Maharashtra,Summer,canal,high,sugarcane
174,59,113,32.29,69.6,6.86,645.6,Maharashtra,Summer,canal,high,sugarcane
197,58,109,29.43,64.07,6.55,687.15,Maharashtra,Summer,canal,high,sugarcane
206,53,120,30.63,67.81,6.9,565.98,Maharashtra,Summer,canal,high,sugarcane
176,63,130,27.31,67.83,7.26,663.52,Maharashtra,Summer,canal,high,sugarcane
203,58,119,28.3,57.51,7.18,601.13,Maharashtra,Summer,canal,high,sugarcane
188,54,106,30.71,63.7,7.01,708.94,Maharashtra,Summer,canal,high,sugarcane
200,64,136,29.22,66.29,7.24,769.84,Maharashtra,Summer,canal,high,sugarcane
174,61,134,31.85,67.25,6.83,646.21,Maharashtra,Summer,canal,high,sugarcane
199,61,120,31.13,63.9,7.06,893.57,Maharashtra,Summer,canal,high,sugarcane
168,64,112,31.96,66.68,7.13,763.16,Maharashtra,Summer,canal,high,sugarcane
198,69,97,33.65,67.94,7.22,583.51,Maharashtra,Summer,canal,high,sugarcane
183,63,120,31.47,70.66,6.37,748.04,Maharashtra,Summer,canal,high,sugarcane
195,61,105,31.84,57.25,7.09,563.09,Maharashtra,Summer,canal,high,sugarcane
196,62,132,30.7,63.84,6.75,770.47,Maharashtra,Summer,canal,high,sugarcane
203,60,118,28.39,67.99,6.37,731.38,Maharashtra,Summer,canal,high,sugarcane
197,76,109,30.83,73.39,7.26,622.78,Maharashtra,Summer,canal,high,sugarcane
198,63,123,29.84,66.16,6.42,685.13,Maharashtra,Summer,canal,high,sugarcane
202,61,104,32.65,67.9,6.68,653.95,Maharashtra,Summer,canal,high,sugarcane
172,57,115,33.05,64.05,7.09,634.63,Maharashtra,Summer,canal,high,sugarcane
199,62,129,30.11,60.47,6.49,635.11,Maharashtra,Summer,canal,high,sugarcane
176,65,115,34.96,59.84,6.96,590.4,Maharashtra,Summer,canal,high,sugarcane
188,63,97,31.39,73.79,6.76,694.49,Maharashtra,Summer,canal,high,sugarcane
210,62,114,27.21,68.96,6.87,599.05,Maharashtra,Summer,canal,high,sugarcane
197,59,115,32.01,61.37,7.21,570.17,Maharashtra,Summer,canal,high,sugarcane
185,74,131,31.16,62.89,6.74,680.5,Maharashtra,Summer,canal,high,sugarcane
196,62,120,30.64,60.97,6.75,743.6,Maharashtra,Summer,canal,high,sugarcane
174,61,112,31.19,65.01,7.34,712.99,Maharashtra,Summer,canal,high,sugarcane
175,66,112,30.04,67.7,6.75,741.96,Maharashtra,Summer,canal,high,sugarcane
183,59,113,30.06,70.71,7.09,803.25,Maharashtra,Summer,canal,high,sugarcane
229,56,121,29.04,63.52,6.71,595.71,Maharashtra,Summer,canal,high,sugarcane
179,62,108,32.4,62.98,7.74,641.15,Maharashtra,Summer,canal,high,sugarcane
196,55,137,32.87,67.64,6.5,690.8,Maharashtra,Summer,canal,high,sugarcane
178,71,128,31.16,57.16,6.6,726.58,Maharashtra,Summer,canal,high,sugarcane
213,69,104,31.5,70.39,6.4,674.41,Maharashtra,Summer,canal,high,sugarcane
199,61,101,30.46,65.25,6.86,632.74,Maharashtra,Summer,canal,high,sugarcane
188,62,124,30.49,64.93,6.93,530.93,Maharashtra,Summer,canal,high,sugarcane
202,62,120,32.6,59.01,6.31,695.54,Maharashtra,Summer,canal,high,sugarcane
195,63,115,32.11,70.08,7.05,655.44,Maharashtra,Summer,canal,high,sugarcane
163,67,132,32.07,63.13,7.1,739.54,Maharashtra,Summer,canal,high,sugarcane
218,57,118,32.25,66.72,6.56,706.1,Maharashtra,Summer,canal,high,sugarcane
204,63,122,30.57,72.17,6.63,630.95,Maharashtra,Summer,canal,high,sugarcane
195,68,105,28.82,58.69,6.91,591.13,Maharashtra,Summer,canal,high,sugarcane
189,66,114,31.39,65.35,7.1,710.63,Maharashtra,Summer,canal,high,sugarcane
185,62,130,31.66,61.14,7.1,593.65,Maharashtra,Summer,canal,high,sugarcane
216,68,123,31.26,65.7,7.1,647.19,Maharashtra,Summer,canal,high,sugarcane
199,68,114,29.97,61.92,6.58,537.87,Maharashtra,Summer,canal,high,sugarcane
206,73,134,28.29,69.28,7.33,640.74,Maharashtra,Summer,canal,high,sugarcane
197,51,123,29.23,67.27,6.43,715.71,Maharashtra,Summer,canal,high,sugarcane
210,58,109,27.41,65.48,6.73,558.67,Maharashtra,Summer,canal,high,sugarcane
202,60,109,30.08,70.61,7.08,665.25,Maharashtra,Summer,canal,high,sugarcane
204,56,120,31.25,64.7,7.03,616.47,Maharashtra,Summer,canal,high,sugarcane
203,66,91,32.98,55.0,6.72,751.9,Maharashtra,Summer,canal,high,sugarcane
190,54,109,32.71,59.13,7.24,670.87,Maharashtra,Summer,canal,high,sugarcane
177,59,110,32.44,69.31,6.38,644.73,Maharashtra,Summer,canal,high,sugarcane
182,70,106,33.67,66.37,6.55,624.2,Maharashtra,Summer,canal,high,sugarcane
183,55,121,28.95,58.14,6.79,539.79,Maharashtra,Summer,canal,high,sugarcane
184,57,111,34.33,66.72,6.97,541.77,Maharashtra,Summer,canal,high,sugarcane
185,64,110,32.51,61.89,6.81,631.05,Maharashtra,Summer,canal,high,sugarcane
197,59,117,30.61,63.68,7.05,692.88,Maharashtra,Summer,canal,high,sugarcane
194,60,128,30.61,65.32,6.93,802.24,Maharashtra,Summer,canal,high,sugarcane
175,67,101,31.36,72.54,7.05,687.8,Maharashtra,Summer,canal,high,sugarcane
187,63,117,29.69,65.39,6.96,617.46,Maharashtra,Summer,canal,high,sugarcane
183,55,124,31.91,67.39,7.19,681.59,Maharashtra,Summer,canal,high,sugarcane
201,64,119,30.12,74.99,6.76,625.06,Maharashtra,Summer,canal,high,sugarcane
202,64,106,32.87,66.14,6.57,764.16,Maharashtra,Summer,canal,high,sugarcane
204,55,138,32.1,66.46,7.38,686.95,Maharashtra,Summer,canal,high,sugarcane
195,59,126,31.79,66.56,6.66,684.74,Maharashtra,Summer,canal,high,sugarcane
194,55,105,31.94,56.53,6.96,639.14,Maharashtra,Summer,canal,high,sugarcane
215,60,127,30.34,66.94,7.12,640.31,Maharashtra,Summer,canal,high,sugarcane
210,57,123,32.54,69.03,7.47,617.74,Maharashtra,Summer,canal,high,sugarcane
174,57,127,31.83,66.89,6.56,732.52,Maharashtra,Summer,canal,high,sugarcane
177,69,149,31.61,68.74,6.75,539.23,Maharashtra,Summer,canal,high,sugarcane
186,56,106,33.87,67.55,7.01,651.82,Maharashtra,Summer,canal,high,sugarcane
192,68,120,31.88,65.75,6.8,569.48,Maharashtra,Summer,canal,high,sugarcane
165,61,121,28.86,66.37,6.92,513.3,Maharashtra,Summer,canal,high,sugarcane
181,65,124,29.08,67.11,7.21,733.28,Maharashtra,Summer,canal,high,sugarcane
194,60,114,31.78,67.25,7.09,684.89,Maharashtra,Summer,canal,high,sugarcane
207,63,128,32.45,63.42,6.36,790.76,Maharashtra,Summer,canal,high,sugarcane
117,48,62,22.57,61.99,6.98,147.88,Maharashtra,Rabi,drip,medium,tomato
91,40,52,23.38,59.35,6.63,165.82,Maharashtra,Rabi,drip,medium,tomato
95,42,61,23.92,55.1,6.42,124.15,Maharashtra,Rabi,drip,medium,tomato
100,51,65,24.25,67.65,6.8,175.88,Maharashtra,Rabi,drip,medium,tomato
94,37,53,22.79,70.34,6.75,126.25,Maharashtra,Rabi,drip,medium,tomato
110,41,56,24.46,56.27,7.13,176.29,Maharashtra,Rabi,drip,medium,tomato
104,54,52,24.32,61.12,6.59,135.82,Maharashtra,Rabi,drip,medium,tomato
120,50,61,21.96,62.83,6.66,189.62,Maharashtra,Rabi,drip,medium,tomato
112,50,60,22.85,61.95,7.14,160.89,Maharashtra,Rabi,drip,medium,tomato
92,51,50,22.95,58.11,6.1,154.09,Maharashtra,Rabi,drip,medium,tomato
122,47,75,22.74,60.89,6.72,151.41,Maharashtra,Rabi,drip,medium,tomato
104,53,49,23.01,62.46,7.07,99.65,Maharashtra,Rabi,drip,medium,tomato
86,45,62,22.2,62.68,7.24,150.24,Maharashtra,Rabi,drip,medium,tomato
98,47,56,23.43,59.28,6.69,126.56,Maharashtra,Rabi,drip,medium,tomato
106,40,50,21.0,58.7,6.76,124.34,Maharashtra,Rabi,drip,medium,tomato
97,46,45,21.73,67.22,6.57,166.53,Maharashtra,Rabi,drip,medium,tomato
95,46,50,19.83,58.24,6.86,165.83,Maharashtra,Rabi,drip,medium,tomato
101,41,61,21.8,57.36,6.5,140.13,Maharashtra,Rabi,drip,medium,tomato
97,46,46,22.23,56.8,6.86,157.06,Maharashtra,Rabi,drip,medium,tomato
90,47,55,24.32,57.42,6.9,170.18,Maharashtra,Rabi,drip,medium,tomato
101,55,58,25.94,70.09,6.33,176.87,Maharashtra,Rabi,drip,medium,tomato
105,46,51,21.51,55.79,7.31,161.37,Maharashtra,Rabi,drip,medium,tomato
86,40,41,24.99,60.18,6.88,150.06,Maharashtra,Rabi,drip,medium,tomato
109,43,57,23.46,55.36,6.57,142.93,Maharashtra,Rabi,drip,medium,tomato
103,52,56,22.85,61.24,6.71,149.47,Maharashtra,Rabi,drip,medium,tomato
115,44,57,21.93,65.04,6.52,148.32,Maharashtra,Rabi,drip,medium,tomato
110,41,61,19.58,55.63,6.73,206.22,Maharashtra,Rabi,drip,medium,tomato
101,46,63,21.19,48.0,7.18,164.11,Maharashtra,Rabi,drip,medium,tomato
96,45,62,22.78,60.58,7.26,120.98,Maharashtra,Rabi,drip,medium,tomato
105,39,65,23.49,57.25,6.37,141.83,Maharashtra,Rabi,drip,medium,tomato
102,51,48,21.63,58.01,6.56,137.99,Maharashtra,Rabi,drip,medium,tomato
91,47,52,23.02,61.22,6.41,163.85,Maharashtra,Rabi,drip,medium,tomato
102,46,54,22.55,60.22,6.77,122.46,Maharashtra,Rabi,drip,medium,tomato
116,42,55,24.94,58.63,6.81,98.87,Maharashtra,Rabi,drip,medium,tomato
80,45,56,24.84,63.2,6.35,179.59,Maharashtra,Rabi,drip,medium,tomato
88,49,52,27.53,57.64,6.73,153.69,Maharashtra,Rabi,drip,medium,tomato
98,40,70,21.98,57.41,6.72,154.51,Maharashtra,Rabi,drip,medium,tomato
93,50,56,23.03,62.23,6.54,136.35,Maharashtra,Rabi,drip,medium,tomato
100,50,53,22.47,51.57,6.58,111.49,Maharashtra,Rabi,drip,medium,tomato
86,47,75,23.32,61.33,6.56,125.54,Maharashtra,Rabi,drip,medium,tomato
121,41,42,23.41,58.28,6.9,186.58,Maharashtra,Rabi,drip,medium,tomato
104,46,59,27.51,69.11,6.67,172.16,Maharashtra,Rabi,drip,medium,tomato
118,48,55,22.17,60.39,6.47,170.89,Maharashtra,Rabi,drip,medium,tomato
114,43,52,21.24,61.87,6.75,116.32,Maharashtra,Rabi,drip,medium,tomato
129,36,45,24.57,62.63,6.57,131.83,Maharashtra,Rabi,drip,medium,tomato
105,47,50,24.66,62.29,7.08,148.84,Maharashtra,Rabi,drip,medium,tomato
108,44,59,23.6,63.39,6.88,105.93,Maharashtra,Rabi,drip,medium,tomato
94,45,58,24.37,62.19,6.57,171.42,Maharashtra,Rabi,drip,medium,tomato
92,51,64,22.98,57.41,6.58,124.47,Maharashtra,Rabi,drip,medium,tomato
91,44,51,20.32,58.07,6.77,142.09,Maharashtra,Rabi,drip,medium,tomato
91,33,63,22.93,61.28,6.8,161.61,Maharashtra,Rabi,drip,medium,tomato
102,45,60,24.63,65.53,6.54,155.82,Maharashtra,Rabi,drip,medium,tomato
84,43,54,24.23,59.53,6.92,141.95,Maharashtra,Rabi,drip,medium,tomato
94,41,60,22.37,50.29,6.91,128.32,Maharashtra,Rabi,drip,medium,tomato
102,39,55,18.22,59.87,6.53,120.42,Maharashtra,Rabi,drip,medium,tomato
108,44,53,21.79,63.58,6.64,184.71,Maharashtra,Rabi,drip,medium,tomato
112,52,61,21.99,60.21,6.7,169.56,Maharashtra,Rabi,drip,medium,tomato
100,44,66,22.45,57.5,6.65,175.0,Maharashtra,Rabi,drip,medium,tomato
102,47,57,19.35,55.72,6.68,157.34,Maharashtra,Rabi,drip,medium,tomato
90,40,53,25.21,51.39,6.09,190.49,Maharashtra,Rabi,drip,medium,tomato
85,43,45,22.5,59.46,7.15,166.82,Maharashtra,Rabi,drip,medium,tomato
87,35,58,22.13,57.11,7.05,109.02,Maharashtra,Rabi,drip,medium,tomato
96,48,47,25.16,55.95,6.73,133.82,Maharashtra,Rabi,drip,medium,tomato
73,43,60,21.28,57.49,6.62,162.51,Maharashtra,Rabi,drip,medium,tomato
96,45,55,22.13,66.76,6.49,166.4,Maharashtra,Rabi,drip,medium,tomato
113,44,55,23.88,58.51,6.28,144.18,Maharashtra,Rabi,drip,medium,tomato
116,48,56,24.26,59.42,6.76,139.94,Maharashtra,Rabi,drip,medium,tomato
105,42,53,24.46,59.22,6.89,165.12,Maharashtra,Rabi,drip,medium,tomato
99,43,46,21.17,62.44,6.9,126.9,Maharashtra,Rabi,drip,medium,tomato
104,46,61,26.61,62.3,6.58,167.35,Maharashtra,Rabi,drip,medium,tomato
90,56,47,23.73,60.01,6.65,138.88,Maharashtra,Rabi,drip,medium,tomato
114,48,54,25.89,59.53,6.93,118.72,Maharashtra,Rabi,drip,medium,tomato
87,49,57,26.58,57.18,6.92,144.27,Maharashtra,Rabi,drip,medium,tomato
108,49,55,21.77,58.64,6.47,158.51,Maharashtra,Rabi,drip,medium,tomato
72,42,61,24.47,53.55,6.9,123.37,Maharashtra,Rabi,drip,medium,tomato
96,49,48,25.38,61.03,6.87,175.14,Maharashtra,Rabi,drip,medium,tomato
109,49,51,21.15,58.87,6.87,120.0,Maharashtra,Rabi,drip,medium,tomato
106,47,54,23.1,60.26,6.86,167.42,Maharashtra,Rabi,drip,medium,tomato
129,46,51,19.82,54.37,6.56,166.09,Maharashtra,Rabi,drip,medium,tomato
96,47,50,23.76,63.49,6.65,160.15,Maharashtra,Rabi,drip,medium,tomato
96,39,59,23.69,62.37,6.99,144.19,Maharashtra,Rabi,drip,medium,tomato
98,44,57,22.77,60.5,6.57,126.02,Maharashtra,Rabi,drip,medium,tomato
91,47,55,22.18,62.65,7.11,138.46,Maharashtra,Rabi,drip,medium,tomato
89,50,55,22.69,64.07,6.68,159.26,Maharashtra,Rabi,drip,medium,tomato
102,60,54,24.56,59.0,6.86,145.43,Maharashtra,Rabi,drip,medium,tomato
108,45,58,21.74,56.81,6.28,158.54,Maharashtra,Rabi,drip,medium,tomato
94,56,52,25.08,64.58,6.69,132.81,Maharashtra,Rabi,drip,medium,tomato
99,51,70,20.94,60.06,6.6,141.56,Maharashtra,Rabi,drip,medium,tomato
117,41,44,23.34,61.52,6.64,134.1,Maharashtra,Rabi,drip,medium,tomato
102,38,58,22.42,65.55,6.83,146.42,Maharashtra,Rabi,drip,medium,tomato
98,35,54,22.66,60.21,6.7,183.33,Maharashtra,Rabi,drip,medium,tomato
97,41,44,22.26,55.81,6.43,142.73,Maharashtra,Rabi,drip,medium,tomato
111,50,46,23.06,61.69,6.9,187.42,Maharashtra,Rabi,drip,medium,tomato
88,41,51,23.61,49.11,6.69,108.41,Maharashtra,Rabi,drip,medium,tomato
100,55,61,20.96,58.33,6.53,180.21,Maharashtra,Rabi,drip,medium,tomato
78,43,50,21.04,66.63,6.36,122.13,Maharashtra,Rabi,drip,medium,tomato
116,45,54,21.96,59.99,6.64,132.86,Maharashtra,Rabi,drip,medium,tomato
86,45,51,22.22,62.64,6.62,147.44,Maharashtra,Rabi,drip,medium,tomato
117,47,51,21.17,59.47,6.95,136.23,Maharashtra,Rabi,drip,medium,tomato
100,42,52,20.87,60.84,6.77,182.99,Maharashtra,Rabi,drip,medium,tomato
100,41,64,23.5,60.49,6.73,151.98,Maharashtra,Rabi,drip,medium,tomato
91,44,53,23.48,64.18,6.97,160.27,Maharashtra,Rabi,drip,medium,tomato
82,42,42,24.68,59.23,6.7,132.34,Maharashtra,Rabi,drip,medium,tomato
112,45,54,23.09,60.52,6.7,177.8,Maharashtra,Rabi,drip,medium,tomato
112,45,49,23.43,57.34,7.09,185.0,Maharashtra,Rabi,drip,medium,tomato
106,39,51,22.55,56.36,6.66,153.8,Maharashtra,Rabi,drip,medium,tomato
105,51,54,22.38,54.57,6.82,137.83,Maharashtra,Rabi,drip,medium,tomato
97,42,51,24.08,59.5,7.12,122.33,Maharashtra,Rabi,drip,medium,tomato
112,42,54,23.71,63.84,7.0,172.85,Maharashtra,Rabi,drip,medium,tomato
97,54,59,18.0,59.97,6.64,141.75,Maharashtra,Rabi,drip,medium,tomato
106,46,50,25.44,54.7,6.4,123.73,Maharashtra,Rabi,drip,medium,tomato
104,47,49,21.94,59.82,6.47,167.7,Maharashtra,Rabi,drip,medium,tomato
115,44,57,23.11,65.31,7.23,140.73,Maharashtra,Rabi,drip,medium,tomato
100,49,57,21.41,52.61,6.59,156.73,Maharashtra,Rabi,drip,medium,tomato
96,40,51,25.99,55.33,6.66,137.03,Maharashtra,Rabi,drip,medium,tomato
119,37,50,23.04,60.52,7.02,172.87,Maharashtra,Rabi,drip,medium,tomato
93,46,54,22.17,63.91,6.8,186.32,Maharashtra,Rabi,drip,medium,tomato
104,49,37,23.09,61.58,6.87,185.25,Maharashtra,Rabi,drip,medium,tomato
106,39,58,24.34,57.43,6.64,167.62,Maharashtra,Rabi,drip,medium,tomato
100,50,56,19.32,60.12,6.64,163.75,Maharashtra,Rabi,drip,medium,tomato
104,40,56,23.85,61.67,6.99,125.55,Maharashtra,Rabi,drip,medium,tomato
98,34,63,23.16,59.55,6.72,161.21,Maharashtra,Rabi,drip,medium,tomato
110,44,58,23.66,51.21,6.57,160.16,Maharashtra,Rabi,drip,medium,tomato
112,52,47,24.67,64.13,6.85,102.87,Maharashtra,Rabi,drip,medium,tomato
95,46,53,19.39,58.95,6.52,163.79,Maharashtra,Rabi,drip,medium,tomato
105,48,53,23.03,59.66,6.98,137.56,Maharashtra,Rabi,drip,medium,tomato
92,50,60,23.78,66.32,7.27,178.72,Maharashtra,Rabi,drip,medium,tomato
93,49,56,22.06,57.04,6.82,169.06,Maharashtra,Rabi,drip,medium,tomato
114,48,59,22.66,60.87,6.38,163.19,Maharashtra,Rabi,drip,medium,tomato
104,55,55,24.99,58.1,7.17,183.82,Maharashtra,Rabi,drip,medium,tomato
111,45,54,22.38,56.11,6.87,144.2,Maharashtra,Rabi,drip,medium,tomato
104,46,48,24.77,60.38,6.97,122.81,Maharashtra,Rabi,drip,medium,tomato
92,43,57,22.83,65.46,7.01,132.95,Maharashtra,Rabi,drip,medium,tomato
129,45,64,22.53,62.5,6.99,114.9,Maharashtra,Rabi,drip,medium,tomato
117,41,53,21.99,57.73,6.62,122.14,Maharashtra,Rabi,drip,medium,tomato
108,46,54,24.69,67.07,6.36,187.88,Maharashtra,Rabi,drip,medium,tomato
100,38,58,22.81,63.44,6.79,158.33,Maharashtra,Rabi,drip,medium,tomato
96,40,60,22.13,61.61,7.12,146.27,Maharashtra,Rabi,drip,medium,tomato
107,45,53,20.4,59.84,6.71,129.68,Maharashtra,Rabi,drip,medium,tomato
80,37,67,23.06,54.26,6.6,150.24,Maharashtra,Rabi,drip,medium,tomato
104,44,68,26.45,61.53,6.66,158.93,Maharashtra,Rabi,drip,medium,tomato
87,50,56,20.99,57.66,6.89,111.15,Maharashtra,Rabi,drip,medium,tomato
91,43,62,25.86,61.51,6.0,123.94,Maharashtra,Rabi,drip,medium,tomato
130,46,38,26.95,54.66,6.89,123.25,Maharashtra,Rabi,drip,medium,tomato
122,38,51,24.75,57.79,6.87,169.38,Maharashtra,Rabi,drip,medium,tomato
102,39,50,22.36,62.35,6.95,154.79,Maharashtra,Rabi,drip,medium,tomato
107,37,57,22.89,61.98,6.94,125.47,Maharashtra,Rabi,drip,medium,tomato
99,52,57,22.83,55.13,6.89,117.56,Maharashtra,Rabi,drip,medium,tomato
98,43,58,22.0,58.69,6.52,144.2,Maharashtra,Rabi,drip,medium,tomato
102,43,53,23.27,64.0,6.94,119.81,Maharashtra,Rabi,drip,medium,tomato
108,52,60,18.98,61.06,7.1,139.53,Maharashtra,Rabi,drip,medium,tomato
129,34,56,24.21,60.69,6.79,125.73,Maharashtra,Rabi,drip,medium,tomato
94,48,41,24.51,59.54,6.89,169.75,Maharashtra,Rabi,drip,medium,tomato
130,52,47,26.6,49.15,6.64,154.05,Maharashtra,Rabi,drip,medium,tomato
97,46,54,25.14,58.07,6.72,191.34,Maharashtra,Rabi,drip,medium,tomato
110,44,58,26.12,54.46,6.48,136.59,Maharashtra,Rabi,drip,medium,tomato
102,50,50,21.43,54.75,6.51,134.7,Maharashtra,Rabi,drip,medium,tomato
78,42,48,22.73,66.79,6.35,173.66,Maharashtra,Rabi,drip,medium,tomato
117,50,57,25.19,62.53,7.03,152.77,Maharashtra,Rabi,drip,medium,tomato
89,51,72,22.43,60.09,6.78,115.72,Maharashtra,Rabi,drip,medium,tomato
92,47,54,23.03,60.11,6.72,132.13,Maharashtra,Rabi,drip,medium,tomato
104,47,49,23.69,57.51,6.91,148.99,Maharashtra,Rabi,drip,medium,tomato
104,46,55,23.55,63.37,6.78,152.43,Maharashtra,Rabi,drip,medium,tomato
96,36,55,20.89,57.74,6.53,133.26,Maharashtra,Rabi,drip,medium,tomato
93,47,57,23.18,64.84,7.5,161.84,Maharashtra,Rabi,drip,medium,tomato
109,46,59,20.29,49.18,6.22,135.43,Maharashtra,Rabi,drip,medium,tomato
114,46,52,23.95,61.41,6.41,160.94,Maharashtra,Rabi,drip,medium,tomato
108,56,54,25.82,58.38,7.33,136.12,Maharashtra,Rabi,drip,medium,tomato
106,46,65,25.26,55.83,6.67,199.61,Maharashtra,Rabi,drip,medium,tomato
101,49,48,22.59,57.17,6.98,167.21,Maharashtra,Rabi,drip,medium,tomato
112,40,59,23.03,50.22,6.87,180.15,Maharashtra,Rabi,drip,medium,tomato
116,45,61,23.91,56.96,6.53,148.88,Maharashtra,Rabi,drip,medium,tomato
98,45,52,23.35,55.73,7.13,107.54,Maharashtra,Rabi,drip,medium,tomato
99,44,54,21.59,53.96,6.81,145.22,Maharashtra,Rabi,drip,medium,tomato
104,37,66,22.87,48.0,6.8,138.99,Maharashtra,Rabi,drip,medium,tomato
89,51,61,23.57,60.31,6.88,113.18,Maharashtra,Rabi,drip,medium,tomato
102,51,62,21.25,60.74,6.47,153.66,Maharashtra,Rabi,drip,medium,tomato
92,41,57,21.79,56.82,6.84,115.43,Maharashtra,Rabi,drip,medium,tomato
97,37,46,24.95,58.33,6.57,169.86,Maharashtra,Rabi,drip,medium,tomato
116,46,62,22.08,60.22,6.75,157.56,Maharashtra,Rabi,drip,medium,tomato
110,38,49,22.19,56.12,6.81,155.07,Maharashtra,Rabi,drip,medium,tomato
101,43,64,23.36,59.4,6.77,167.37,Maharashtra,Rabi,drip,medium,tomato
102,41,67,23.77,55.39,6.3,166.07,Maharashtra,Rabi,drip,medium,tomato
113,47,59,24.06,60.02,6.33,133.69,Maharashtra,Rabi,drip,medium,tomato
108,48,54,22.09,60.7,6.66,148.14,Maharashtra,Rabi,drip,medium,tomato
101,41,60,22.73,61.95,6.77,185.99,Maharashtra,Rabi,drip,medium,tomato
105,47,57,26.47,59.82,6.79,152.45,Maharashtra,Rabi,drip,medium,tomato
80,45,62,23.86,66.04,6.95,161.71,Maharashtra,Rabi,drip,medium,tomato
109,47,53,22.79,50.47,7.15,145.37,Maharashtra,Rabi,drip,medium,tomato
90,43,67,23.12,61.03,7.27,169.49,Maharashtra,Rabi,drip,medium,tomato
97,37,59,21.87,62.64,6.74,159.54,Maharashtra,Rabi,drip,medium,tomato
109,36,56,22.97,61.15,6.88,153.55,Maharashtra,Rabi,drip,medium,tomato
94,39,44,23.2,62.11,6.66,169.38,Maharashtra,Rabi,drip,medium,tomato
99,45,45,22.26,63.68,7.1,145.56,Maharashtra,Rabi,drip,medium,tomato
109,52,49,23.53,60.76,7.02,130.51,Maharashtra,Rabi,drip,medium,tomato
103,44,58,25.04,65.91,7.06,126.89,Maharashtra,Rabi,drip,medium,tomato
95,50,59,22.56,56.33,6.0,112.8,Maharashtra,Rabi,drip,medium,tomato
97,44,58,24.0,69.04,6.56,104.47,Maharashtra,Rabi,drip,medium,tomato
91,53,55,24.69,57.75,6.62,110.0,Maharashtra,Rabi,drip,medium,tomato
97,45,61,23.94,67.95,6.71,155.66,Maharashtra,Rabi,drip,medium,tomato
100,42,58,22.54,66.65,6.55,142.07,Maharashtra,Rabi,drip,medium,tomato
88,47,46,22.99,55.32,6.5,132.15,Maharashtra,Rabi,drip,medium,tomato
107,45,54,23.94,57.36,6.26,124.36,Maharashtra,Rabi,drip,medium,tomato
97,45,59,22.76,64.07,6.84,117.14,Maharashtra,Rabi,drip,medium,tomato
75,40,56,23.62,59.58,6.78,180.81,Maharashtra,Rabi,drip,medium,tomato
100,47,66,19.98,66.84,6.11,130.73,Maharashtra,Rabi,drip,medium,tomato
94,37,54,22.91,62.96,6.93,154.05,Maharashtra,Rabi,drip,medium,tomato
111,48,53,23.2,57.46,6.44,159.98,Maharashtra,Rabi,drip,medium,tomato
85,44,40,23.12,57.09,6.89,144.81,Maharashtra,Rabi,drip,medium,tomato
99,45,51,22.06,57.74,6.72,137.0,Maharashtra,Rabi,drip,medium,tomato
105,36,45,26.15,58.26,6.5,149.41,Maharashtra,Rabi,drip,medium,tomato
108,48,50,22.15,58.67,6.83,151.06,Maharashtra,Rabi,drip,medium,tomato
91,42,53,25.47,59.29,7.5,143.72,Maharashtra,Rabi,drip,medium,tomato
83,47,62,23.79,60.79,6.66,143.35,Maharashtra,Rabi,drip,medium,tomato
77,49,52,24.91,57.87,6.74,179.15,Maharashtra,Rabi,drip,medium,tomato
113,49,43,20.87,62.8,6.58,151.72,Maharashtra,Rabi,drip,medium,tomato
102,46,48,24.7,57.9,6.9,145.17,Maharashtra,Rabi,drip,medium,tomato
119,52,69,25.75,59.46,6.62,123.51,Maharashtra,Rabi,drip,medium,tomato
103,45,55,21.62,61.44,6.65,138.74,Maharashtra,Rabi,drip,medium,tomato
102,45,45,21.69,62.13,6.74,104.67,Maharashtra,Rabi,drip,medium,tomato
107,45,48,21.89,60.66,6.2,159.81,Maharashtra,Rabi,drip,medium,tomato
110,49,63,21.7,64.14,6.82,130.51,Maharashtra,Rabi,drip,medium,tomato
105,47,65,25.0,57.24,6.84,157.7,Maharashtra,Rabi,drip,medium,tomato
103,43,67,21.96,66.67,6.39,141.1,Maharashtra,Rabi,drip,medium,tomato
108,40,50,23.89,53.09,7.03,184.5,Maharashtra,Rabi,drip,medium,tomato
115,47,52,22.4,61.15,6.78,141.13,Maharashtra,Rabi,drip,medium,tomato
116,44,65,23.17,60.15,6.88,161.78,Maharashtra,Rabi,drip,medium,tomato
99,48,60,25.76,60.29,6.55,134.19,Maharashtra,Rabi,drip,medium,tomato
124,36,47,23.04,57.54,6.95,167.07,Maharashtra,Rabi,drip,medium,tomato
95,53,48,21.77,66.29,6.42,158.09,Maharashtra,Rabi,drip,medium,tomato
116,32,53,24.58,58.92,6.76,154.39,Maharashtra,Rabi,drip,medium,tomato
103,41,60,23.43,55.42,6.63,117.03,Maharashtra,Rabi,drip,medium,tomato
102,47,56,23.92,60.53,6.94,147.02,Maharashtra,Rabi,drip,medium,tomato
107,39,46,23.14,62.74,6.68,164.89,Maharashtra,Rabi,drip,medium,tomato
103,35,70,20.9,56.22,7.04,150.46,Maharashtra,Rabi,drip,medium,tomato
92,43,49,21.67,63.16,6.63,125.07,Maharashtra,Rabi,drip,medium,tomato
92,44,50,22.49,61.39,6.63,129.94,Maharashtra,Rabi,drip,medium,tomato
93,52,69,23.08,62.9,6.52,136.23,Maharashtra,Rabi,drip,medium,tomato
104,33,60,22.06,55.69,6.85,183.66,Maharashtra,Rabi,drip,medium,tomato
97,46,58,23.4,56.01,6.81,154.3,Maharashtra,Rabi,drip,medium,tomato
73,49,45,23.21,66.07,6.69,125.59,Maharashtra,Rabi,drip,medium,tomato
106,52,48,19.07,64.73,6.96,158.98,Maharashtra,Rabi,drip,medium,tomato
82,48,62,26.59,58.87,6.79,99.77,Maharashtra,Rabi,drip,medium,tomato
110,50,58,24.98,56.87,6.7,145.82,Maharashtra,Rabi,drip,medium,tomato
111,51,57,23.44,62.2,6.67,181.77,Maharashtra,Rabi,drip,medium,tomato
95,47,51,24.58,59.6,7.27,147.05,Maharashtra,Rabi,drip,medium,tomato
109,42,53,22.93,61.41,6.56,136.68,Maharashtra,Rabi,drip,medium,tomato
101,47,55,22.7,54.69,6.88,169.67,Maharashtra,Rabi,drip,medium,tomato
110,46,51,22.46,60.62,6.75,130.28,Maharashtra,Rabi,drip,medium,tomato
83,42,53,23.52,58.36,6.69,152.6,Maharashtra,Rabi,drip,medium,tomato
116,44,45,21.86,67.23,7.11,171.92,Maharashtra,Rabi,drip,medium,tomato
107,49,53,24.45,63.62,6.96,136.03,Maharashtra,Rabi,drip,medium,tomato
97,42,62,23.51,61.57,6.89,117.05,Maharashtra,Rabi,drip,medium,tomato
109,42,52,21.61,60.32,6.73,117.54,Maharashtra,Rabi,drip,medium,tomato
82,44,60,24.2,64.0,6.7,141.75,Maharashtra,Rabi,drip,medium,tomato
99,49,66,22.23,58.94,6.76,143.81,Maharashtra,Rabi,drip,medium,tomato
94,44,50,24.21,65.9,6.68,188.8,Maharashtra,Rabi,drip,medium,tomato
99,42,60,21.46,62.5,6.81,140.58,Maharashtra,Rabi,drip,medium,tomato
95,41,62,22.63,61.24,6.75,145.05,Maharashtra,Rabi,drip,medium,tomato
103,48,56,22.69,55.65,6.6,142.86,Maharashtra,Rabi,drip,medium,tomato
100,36,59,23.54,57.67,6.52,133.98,Maharashtra,Rabi,drip,medium,tomato
87,43,54,24.53,61.9,7.06,152.62,Maharashtra,Rabi,drip,medium,tomato
91,54,53,20.42,60.88,6.35,148.03,Maharashtra,Rabi,drip,medium,tomato
95,48,61,22.46,58.42,6.94,132.11,Maharashtra,Rabi,drip,medium,tomato
101,48,50,22.5,60.4,7.08,121.78,Maharashtra,Rabi,drip,medium,tomato
99,52,61,22.54,59.71,6.86,161.2,Maharashtra,Rabi,drip,medium,tomato
114,51,46,20.34,57.83,6.29,180.62,Maharashtra,Rabi,drip,medium,tomato
85,44,49,20.35,64.72,6.61,194.5,Maharashtra,Rabi,drip,medium,tomato
114,45,41,22.43,69.14,6.86,146.1,Maharashtra,Rabi,drip,medium,tomato
94,49,57,23.47,64.54,7.02,160.2,Maharashtra,Rabi,drip,medium,tomato
84,40,51,22.94,66.0,7.26,159.14,Maharashtra,Rabi,drip,medium,tomato
106,37,52,22.08,57.45,6.89,139.48,Maharashtra,Rabi,drip,medium,tomato
81,49,63,23.48,59.33,6.53,130.46,Maharashtra,Rabi,drip,medium,tomato
111,41,68,24.58,61.36,7.43,179.77,Maharashtra,Rabi,drip,medium,tomato
96,40,52,22.83,56.97,6.47,155.49,Maharashtra,Rabi,drip,medium,tomato
109,54,56,24.0,52.6,6.96,126.46,Maharashtra,Rabi,drip,medium,tomato
103,45,53,20.53,56.97,6.51,136.14,Maharashtra,Rabi,drip,medium,tomato
112,43,51,24.08,61.31,7.26,173.59,Maharashtra,Rabi,drip,medium,tomato
80,49,60,25.77,59.21,7.02,141.73,Maharashtra,Rabi,drip,medium,tomato
103,40,46,24.45,60.01,6.43,169.01,Maharashtra,Rabi,drip,medium,tomato
73,41,44,25.0,58.27,6.77,157.1,Maharashtra,Rabi,drip,medium,tomato
108,48,60,22.56,63.41,6.59,140.62,Maharashtra,Rabi,drip,medium,tomato
85,53,48,25.35,62.15,6.8,158.56,Maharashtra,Rabi,drip,medium,tomato
89,53,53,24.69,57.83,6.39,196.28,Maharashtra,Rabi,drip,medium,tomato
94,47,35,22.88,62.42,6.79,147.71,Maharashtra,Rabi,drip,medium,tomato
98,49,46,22.61,65.74,6.38,147.52,Maharashtra,Rabi,drip,medium,tomato
89,47,55,21.43,60.1,6.77,135.78,Maharashtra,Rabi,drip,medium,tomato
96,42,40,24.54,64.78,6.31,178.19,Maharashtra,Rabi,drip,medium,tomato
104,39,54,21.82,63.69,6.52,199.53,Maharashtra,Rabi,drip,medium,tomato
112,39,66,24.22,59.4,6.92,171.58,Maharashtra,Rabi,drip,medium,tomato
92,49,52,24.36,59.45,6.5,164.71,Maharashtra,Rabi,drip,medium,tomato
96,46,58,25.45,58.26,6.54,188.4,Maharashtra,Rabi,drip,medium,tomato
100,42,57,22.43,58.93,7.39,126.95,Maharashtra,Rabi,drip,medium,tomato
86,51,52,23.53,62.55,6.31,176.61,Maharashtra,Rabi,drip,medium,tomato
94,54,50,25.61,66.99,6.63,145.56,Maharashtra,Rabi,drip,medium,tomato
97,53,56,23.89,59.43,6.87,162.53,Maharashtra,Rabi,drip,medium,tomato
94,54,54,24.72,54.95,6.92,174.85,Maharashtra,Rabi,drip,medium,tomato
103,50,50,23.79,53.92,6.79,131.5,Maharashtra,Rabi,drip,medium,tomato
99,52,67,20.86,64.98,7.1,157.58,Maharashtra,Rabi,drip,medium,tomato
114,43,52,22.15,62.86,6.73,133.3,Maharashtra,Rabi,drip,medium,tomato
93,45,49,29.5,51.08,6.99,118.67,Maharashtra,Summer,drip,medium,tomato
104,53,56,28.08,46.96,6.79,73.15,Maharashtra,Summer,drip,medium,tomato
89,40,63,29.75,53.32,6.65,67.71,Maharashtra,Summer,drip,medium,tomato
89,50,49,28.45,47.7,6.36,86.65,Maharashtra,Summer,drip,medium,tomato
110,46,54,28.45,51.87,6.76,74.7,Maharashtra,Summer,drip,medium,tomato
93,31,62,28.5,43.14,7.28,81.59,Maharashtra,Summer,drip,medium,tomato
98,50,57,29.02,44.17,6.92,89.1,Maharashtra,Summer,drip,medium,tomato
94,36,61,29.44,49.73,6.76,89.44,Maharashtra,Summer,drip,medium,tomato
93,44,48,30.24,46.32,6.81,81.5,Maharashtra,Summer,drip,medium,tomato
98,49,66,29.97,39.89,6.78,77.33,Maharashtra,Summer,drip,medium,tomato
112,42,48,29.75,46.43,6.59,71.1,Maharashtra,Summer,drip,medium,tomato
86,46,53,29.3,45.71,6.76,68.17,Maharashtra,Summer,drip,medium,tomato
97,39,62,28.44,38.87,6.35,90.56,Maharashtra,Summer,drip,medium,tomato
100,45,55,29.23,52.37,6.86,79.61,Maharashtra,Summer,drip,medium,tomato
94,37,58,29.33,50.72,7.18,57.6,Maharashtra,Summer,drip,medium,tomato
94,48,55,30.67,45.76,7.25,75.84,Maharashtra,Summer,drip,medium,tomato
116,33,58,28.53,38.47,6.75,56.43,Maharashtra,Summer,drip,medium,tomato
95,47,54,29.03,47.1,7.34,78.89,Maharashtra,Summer,drip,medium,tomato
101,47,55,26.12,49.15,7.07,98.33,Maharashtra,Summer,drip,medium,tomato
107,44,57,31.18,45.64,6.45,108.14,Maharashtra,Summer,drip,medium,tomato
90,37,57,29.11,48.26,6.97,72.57,Maharashtra,Summer,drip,medium,tomato
99,42,56,29.31,49.98,6.53,56.31,Maharashtra,Summer,drip,medium,tomato
109,42,48,25.72,51.9,6.82,83.18,Maharashtra,Summer,drip,medium,tomato
104,46,55,28.39,42.76,6.31,108.68,Maharashtra,Summer,drip,medium,tomato
100,43,50,30.07,47.05,6.53,70.45,Maharashtra,Summer,drip,medium,tomato
103,43,60,31.69,44.88,6.68,62.55,Maharashtra,Summer,drip,medium,tomato
98,35,62,26.5,43.41,6.77,95.66,Maharashtra,Summer,drip,medium,tomato
91,44,57,27.49,46.04,6.35,67.08,Maharashtra,Summer,drip,medium,tomato
112,49,52,26.98,45.69,6.38,72.05,Maharashtra,Summer,drip,medium,tomato
96,43,54,29.31,42.52,6.99,91.88,Maharashtra,Summer,drip,medium,tomato
122,46,65,29.96,47.23,6.45,88.43,Maharashtra,Summer,drip,medium,tomato
102,54,60,30.08,44.28,6.81,46.15,Maharashtra,Summer,drip,medium,tomato
106,51,64,27.97,39.55,6.62,73.83,Maharashtra,Summer,drip,medium,tomato
104,35,54,26.94,52.04,6.17,90.19,Maharashtra,Summer,drip,medium,tomato
98,35,66,30.53,51.29,6.77,64.93,Maharashtra,Summer,drip,medium,tomato
101,48,51,27.21,48.39,6.8,88.89,Maharashtra,Summer,drip,medium,tomato
115,49,47,28.48,47.98,6.95,87.87,Maharashtra,Summer,drip,medium,tomato
99,43,62,29.07,47.58,6.57,106.5,Maharashtra,Summer,drip,medium,tomato
102,45,57,28.3,41.56,6.82,53.23,Maharashtra,Summer,drip,medium,tomato
101,37,41,29.42,42.27,6.86,77.54,Maharashtra,Summer,drip,medium,tomato
101,42,54,27.52,50.12,6.63,71.27,Maharashtra,Summer,drip,medium,tomato
107,42,43,26.91,50.55,6.77,79.38,Maharashtra,Summer,drip,medium,tomato
103,54,41,28.31,46.62,6.74,86.99,Maharashtra,Summer,drip,medium,tomato
108,44,44,32.26,46.48,6.77,93.93,Maharashtra,Summer,drip,medium,tomato
96,51,53,31.24,48.25,6.58,107.71,Maharashtra,Summer,drip,medium,tomato
106,42,46,29.55,51.81,6.85,79.95,Maharashtra,Summer,drip,medium,tomato
116,48,51,27.58,48.63,6.88,91.32,Maharashtra,Summer,drip,medium,tomato
104,48,57,29.95,49.36,6.69,72.17,Maharashtra,Summer,drip,medium,tomato
103,46,64,28.82,41.04,6.45,71.41,Maharashtra,Summer,drip,medium,tomato
107,41,59,27.35,47.11,6.85,57.85,Maharashtra,Summer,drip,medium,tomato
104,53,54,28.61,47.47,6.77,75.36,Maharashtra,Summer,drip,medium,tomato
99,37,58,26.89,47.94,6.93,81.1,Maharashtra,Summer,drip,medium,tomato
91,47,54,27.62,54.41,6.53,82.42,Maharashtra,Summer,drip,medium,tomato
115,47,51,27.67,41.14,6.77,76.95,Maharashtra,Summer,drip,medium,tomato
97,52,55,26.17,52.31,6.46,83.21,Maharashtra,Summer,drip,medium,tomato
107,45,62,28.68,45.28,6.24,49.66,Maharashtra,Summer,drip,medium,tomato
128,49,64,32.34,45.29,6.73,50.98,Maharashtra,Summer,drip,medium,tomato
98,44,53,30.15,49.43,6.99,57.44,Maharashtra,Summer,drip,medium,tomato
101,47,68,28.75,46.06,7.03,71.86,Maharashtra,Summer,drip,medium,tomato
105,47,52,27.54,46.38,6.64,52.53,Maharashtra,Summer,drip,medium,tomato
107,48,50,27.24,48.37,7.19,90.31,Maharashtra,Summer,drip,medium,tomato
112,43,58,28.3,43.72,6.8,61.98,Maharashtra,Summer,drip,medium,tomato
93,43,53,28.46,38.58,6.52,98.56,Maharashtra,Summer,drip,medium,tomato
100,48,58,28.34,43.12,6.61,104.38,Maharashtra,Summer,drip,medium,tomato
95,54,52,28.02,46.79,6.71,60.92,Maharashtra,Summer,drip,medium,tomato
100,38,57,28.84,49.29,6.63,86.07,Maharashtra,Summer,drip,medium,tomato
104,46,68,29.21,44.72,7.13,82.65,Maharashtra,Summer,drip,medium,tomato
118,36,53,28.05,39.26,6.79,69.42,Maharashtra,Summer,drip,medium,tomato
80,41,64,29.86,43.77,6.56,87.91,Maharashtra,Summer,drip,medium,tomato
80,48,43,30.96,49.02,6.29,69.29,Maharashtra,Summer,drip,medium,tomato
103,35,55,29.22,38.57,6.94,73.13,Maharashtra,Summer,drip,medium,tomato
109,44,48,26.77,45.3,6.7,90.96,Maharashtra,Summer,drip,medium,tomato
97,37,52,26.21,47.84,6.89,86.25,Maharashtra,Summer,drip,medium,tomato
97,42,52,28.36,44.55,7.15,69.51,Maharashtra,Summer,drip,medium,tomato
99,41,50,26.59,42.56,7.22,83.16,Maharashtra,Summer,drip,medium,tomato
97,42,63,27.25,39.97,6.87,61.1,Maharashtra,Summer,drip,medium,tomato
87,40,58,28.34,42.73,6.87,62.59,Maharashtra,Summer,drip,medium,tomato
84,38,55,27.32,46.9,7.03,65.55,Maharashtra,Summer,drip,medium,tomato
127,46,54,26.5,45.16,6.69,86.4,Maharashtra,Summer,drip,medium,tomato
94,47,55,29.96,50.54,6.83,86.47,Maharashtra,Summer,drip,medium,tomato
111,48,57,29.11,52.68,6.78,85.93,Maharashtra,Summer,drip,medium,tomato
93,53,58,27.98,46.23,6.7,75.07,Maharashtra,Summer,drip,medium,tomato
102,44,44,31.16,47.52,6.82,74.28,Maharashtra,Summer,drip,medium,tomato
109,45,53,28.13,51.3,6.8,74.47,Maharashtra,Summer,drip,medium,tomato
96,43,62,27.13,49.07,6.93,78.23,Maharashtra,Summer,drip,medium,tomato
98,38,59,26.11,47.14,6.76,86.52,Maharashtra,Summer,drip,medium,tomato
91,40,59,28.24,38.77,6.75,102.12,Maharashtra,Summer,drip,medium,tomato
105,39,58,29.97,39.89,6.68,94.49,Maharashtra,Summer,drip,medium,tomato
85,44,54,27.88,51.77,7.06,70.46,Maharashtra,Summer,drip,medium,tomato
90,51,60,28.47,49.01,6.91,61.88,Maharashtra,Summer,drip,medium,tomato
94,45,42,27.99,43.46,6.79,58.11,Maharashtra,Summer,drip,medium,tomato
104,46,54,29.2,48.77,6.69,75.53,Maharashtra,Summer,drip,medium,tomato
93,42,66,28.2,46.46,6.73,80.57,Maharashtra,Summer,drip,medium,tomato
95,43,61,26.27,47.22,6.54,44.86,Maharashtra,Summer,drip,medium,tomato
99,39,46,32.39,48.58,6.89,74.2,Maharashtra,Summer,drip,medium,tomato
88,44,53,25.61,53.37,6.73,62.51,Maharashtra,Summer,drip,medium,tomato
101,38,49,30.8,44.51,6.75,76.55,Maharashtra,Summer,drip,medium,tomato
98,42,70,27.39,43.07,6.87,55.73,Maharashtra,Summer,drip,medium,tomato
110,44,56,28.94,45.2,6.98,84.75,Maharashtra,Summer,drip,medium,tomato
105,37,53,28.33,53.16,6.4,65.43,Maharashtra,Summer,drip,medium,tomato
111,40,51,31.01,47.9,6.96,85.84,Maharashtra,Summer,drip,medium,tomato
101,45,61,27.23,53.15,6.62,90.35,Maharashtra,Summer,drip,medium,tomato
105,42,58,28.69,39.73,6.73,56.27,Maharashtra,Summer,drip,medium,tomato
105,44,61,27.45,41.53,6.48,105.3,Maharashtra,Summer,drip,medium,tomato
130,55,45,26.43,42.42,6.94,106.62,Maharashtra,Summer,drip,medium,tomato
109,46,49,28.07,46.84,6.97,67.51,Maharashtra,Summer,drip,medium,tomato
104,46,56,27.91,46.96,6.73,63.27,Maharashtra,Summer,drip,medium,tomato
109,53,56,28.43,49.41,6.8,92.11,Maharashtra,Summer,drip,medium,tomato
101,48,67,30.4,45.9,7.02,58.98,Maharashtra,Summer,drip,medium,tomato
98,49,65,27.37,46.4,6.75,73.62,Maharashtra,Summer,drip,medium,tomato
88,48,46,30.21,51.67,6.59,55.96,Maharashtra,Summer,drip,medium,tomato
100,42,54,28.64,42.93,7.16,65.38,Maharashtra,Summer,drip,medium,tomato
109,41,55,29.18,47.02,6.69,67.61,Maharashtra,Summer,drip,medium,tomato
96,42,57,31.25,47.88,6.9,91.23,Maharashtra,Summer,drip,medium,tomato
95,36,55,29.78,54.21,6.5,91.5,Maharashtra,Summer,drip,medium,tomato
103,43,48,27.62,48.7,7.06,34.14,Maharashtra,Summer,drip,medium,tomato
105,42,52,29.12,53.86,6.57,73.57,Maharashtra,Summer,drip,medium,tomato
84,47,50,30.86,47.88,6.68,70.86,Maharashtra,Summer,drip,medium,tomato
104,48,47,28.28,46.49,6.8,94.59,Maharashtra,Summer,drip,medium,tomato
86,50,57,27.75,49.59,6.65,47.81,Maharashtra,Summer,drip,medium,tomato
70,39,51,28.76,48.79,6.69,53.85,Maharashtra,Summer,drip,medium,tomato
96,44,67,29.34,40.15,6.67,85.45,Maharashtra,Summer,drip,medium,tomato
100,37,60,29.05,45.9,6.55,90.2,Maharashtra,Summer,drip,medium,tomato
82,37,50,28.95,41.27,6.61,69.88,Maharashtra,Summer,drip,medium,tomato
103,44,53,27.44,50.67,6.91,84.36,Maharashtra,Summer,drip,medium,tomato
92,42,58,27.62,42.95,6.82,55.38,Maharashtra,Summer,drip,medium,tomato
98,49,56,26.93,48.31,6.6,87.68,Maharashtra,Summer,drip,medium,tomato
105,43,50,27.23,56.43,6.18,48.6,Maharashtra,Summer,drip,medium,tomato
111,49,57,25.51,48.57,6.51,73.52,Maharashtra,Summer,drip,medium,tomato
104,48,51,30.43,49.62,6.51,67.8,Maharashtra,Summer,drip,medium,tomato
92,45,59,25.72,38.89,6.54,95.29,Maharashtra,Summer,drip,medium,tomato
102,53,54,27.24,40.07,6.54,65.7,Maharashtra,Summer,drip,medium,tomato
76,41,49,28.53,46.34,6.83,50.66,Maharashtra,Summer,drip,medium,tomato
89,50,53,29.77,45.96,6.8,82.93,Maharashtra,Summer,drip,medium,tomato
94,42,50,28.38,48.7,6.65,92.33,Maharashtra,Summer,drip,medium,tomato
117,41,63,28.47,47.96,6.72,93.29,Maharashtra,Summer,drip,medium,tomato
103,43,52,26.7,44.31,7.06,91.24,Maharashtra,Summer,drip,medium,tomato
94,40,61,29.14,38.93,7.47,75.17,Maharashtra,Summer,drip,medium,tomato
117,46,48,28.79,40.87,6.72,58.68,Maharashtra,Summer,drip,medium,tomato
98,46,57,26.31,44.03,6.26,84.31,Maharashtra,Summer,drip,medium,tomato
102,39,64,29.2,46.1,6.63,65.44,Maharashtra,Summer,drip,medium,tomato
92,51,57,26.93,51.47,6.73,61.21,Maharashtra,Summer,drip,medium,tomato
120,40,49,28.5,47.74,6.56,41.84,Maharashtra,Summer,drip,medium,tomato
100,40,53,27.28,42.35,6.68,65.52,Maharashtra,Summer,drip,medium,tomato
92,50,48,28.12,46.36,6.33,58.23,Maharashtra,Summer,drip,medium,tomato
100,45,50,28.46,47.53,6.9,85.0,Maharashtra,Summer,drip,medium,tomato
112,46,46,28.06,41.64,6.96,95.6,Maharashtra,Summer,drip,medium,tomato
100,51,62,28.96,48.52,6.99,54.06,Maharashtra,Summer,drip,medium,tomato
102,48,45,31.37,50.69,7.03,81.13,Maharashtra,Summer,drip,medium,tomato
91,39,54,29.55,48.58,7.18,70.34,Maharashtra,Summer,drip,medium,tomato
96,45,47,30.75,45.54,6.81,87.21,Maharashtra,Summer,drip,medium,tomato
92,46,55,29.96,46.53,6.04,60.98,Maharashtra,Summer,drip,medium,tomato
85,55,64,25.27,42.63,6.4,78.25,Maharashtra,Summer,drip,medium,tomato
90,44,46,29.15,40.06,7.38,97.57,Maharashtra,Summer,drip,medium,tomato
125,48,65,29.84,42.65,6.66,81.36,Maharashtra,Summer,drip,medium,tomato
112,45,59,28.0,44.92,6.38,81.64,Maharashtra,Summer,drip,medium,tomato
95,39,51,28.93,49.06,6.7,91.02,Maharashtra,Summer,drip,medium,tomato
115,44,61,27.5,41.52,6.51,62.03,Maharashtra,Summer,drip,medium,tomato
96,55,52,27.94,47.09,6.42,77.19,Maharashtra,Summer,drip,medium,tomato
107,52,64,29.04,45.64,6.71,81.11,Maharashtra,Summer,drip,medium,tomato
100,45,49,29.51,47.64,6.56,97.34,Maharashtra,Summer,drip,medium,tomato
102,38,61,27.49,44.93,6.7,87.95,Maharashtra,Summer,drip,medium,tomato
99,48,45,26.85,46.62,6.57,71.93,Maharashtra,Summer,drip,medium,tomato
107,41,50,28.66,38.35,7.0,76.95,Maharashtra,Summer,drip,medium,tomato
101,42,60,28.26,51.2,6.32,75.95,Maharashtra,Summer,drip,medium,tomato
100,47,64,26.45,41.15,6.66,46.61,Maharashtra,Summer,drip,medium,tomato
123,50,58,29.67,51.37,6.6,69.58,Maharashtra,Summer,drip,medium,tomato
103,42,49,27.71,47.96,6.98,55.94,Maharashtra,Summer,drip,medium,tomato
98,45,46,29.17,46.09,6.52,67.76,Maharashtra,Summer,drip,medium,tomato
105,50,57,31.36,50.78,6.89,64.46,Maharashtra,Summer,drip,medium,tomato
111,41,60,24.83,44.61,6.4,70.71,Maharashtra,Summer,drip,medium,tomato
85,45,58,27.52,45.27,6.8,74.29,Maharashtra,Summer,drip,medium,tomato
113,42,59,28.89,40.41,6.77,73.7,Maharashtra,Summer,drip,medium,tomato
95,54,64,27.36,48.94,6.94,77.19,Maharashtra,Summer,drip,medium,tomato
89,40,59,29.26,45.41,7.08,97.4,Maharashtra,Summer,drip,medium,tomato
115,52,55,26.5,45.26,6.72,65.55,Maharashtra,Summer,drip,medium,tomato
96,39,60,30.94,55.63,6.81,72.43,Maharashtra,Summer,drip,medium,tomato
100,52,64,28.14,51.11,6.79,63.97,Maharashtra,Summer,drip,medium,tomato
98,54,60,27.74,50.09,6.93,70.35,Maharashtra,Summer,drip,medium,tomato
93,39,44,27.52,45.82,7.07,87.36,Maharashtra,Summer,drip,medium,tomato
102,36,57,26.03,49.85,6.98,75.76,Maharashtra,Summer,drip,medium,tomato
108,50,56,28.28,41.41,6.66,60.05,Maharashtra,Summer,drip,medium,tomato
90,41,42,29.97,47.34,7.04,87.03,Maharashtra,Summer,drip,medium,tomato
105,49,56,30.46,44.55,6.74,70.81,Maharashtra,Summer,drip,medium,tomato
120,42,64,26.45,46.88,6.7,59.69,Maharashtra,Summer,drip,medium,tomato
93,48,53,27.05,49.94,6.74,79.97,Maharashtra,Summer,drip,medium,tomato
111,53,40,28.34,40.07,7.43,77.26,Maharashtra,Summer,drip,medium,tomato
110,42,53,30.15,48.47,7.17,62.48,Maharashtra,Summer,drip,medium,tomato
98,48,59,29.13,41.43,6.51,80.12,Maharashtra,Summer,drip,medium,tomato
85,41,55,27.34,47.38,6.73,63.18,Maharashtra,Summer,drip,medium,tomato
92,51,58,28.87,46.71,6.52,66.53,Maharashtra,Summer,drip,medium,tomato
76,42,51,29.32,44.19,6.95,71.1,Maharashtra,Summer,drip,medium,tomato
101,45,60,30.31,42.72,7.19,62.15,Maharashtra,Summer,drip,medium,tomato
98,42,65,26.91,49.25,6.2,87.21,Maharashtra,Summer,drip,medium,tomato
98,43,50,28.4,45.14,6.38,63.23,Maharashtra,Summer,drip,medium,tomato
108,43,50,28.57,48.37,6.91,80.07,Maharashtra,Summer,drip,medium,tomato
112,45,53,29.81,43.78,6.65,51.1,Maharashtra,Summer,drip,medium,tomato
118,55,54,29.65,49.18,6.8,93.23,Maharashtra,Summer,drip,medium,tomato
87,44,41,26.98,40.27,6.29,67.57,Maharashtra,Summer,drip,medium,tomato
104,42,51,27.4,47.04,6.6,59.9,Maharashtra,Summer,drip,medium,tomato
109,41,47,29.61,40.05,7.06,59.61,Maharashtra,Summer,drip,medium,tomato
101,40,55,27.72,42.73,6.35,66.89,Maharashtra,Summer,drip,medium,tomato
105,48,50,27.43,45.83,6.75,74.95,Maharashtra,Summer,drip,medium,tomato
96,43,53,24.88,44.95,6.95,95.9,Maharashtra,Summer,drip,medium,tomato
112,45,47,27.68,43.58,6.4,60.87,Maharashtra,Summer,drip,medium,tomato
93,38,61,29.41,46.31,6.85,79.59,Maharashtra,Summer,drip,medium,tomato
93,54,50,26.0,47.12,6.89,70.47,Maharashtra,Summer,drip,medium,tomato
112,46,50,27.61,47.07,6.77,93.2,Maharashtra,Summer,drip,medium,tomato
108,37,54,26.64,52.09,6.51,78.03,Maharashtra,Summer,drip,medium,tomato
93,35,47,28.13,48.68,6.88,55.04,Maharashtra,Summer,drip,medium,tomato
103,50,58,27.96,46.68,6.79,95.96,Maharashtra,Summer,drip,medium,tomato
117,48,55,28.45,46.78,6.8,67.26,Maharashtra,Summer,drip,medium,tomato
120,41,64,25.2,45.44,6.67,78.43,Maharashtra,Summer,drip,medium,tomato
96,52,53,26.96,42.8,6.63,85.87,Maharashtra,Summer,drip,medium,tomato
109,39,50,26.9,45.41,6.99,77.57,Maharashtra,Summer,drip,medium,tomato
106,49,51,26.58,44.25,6.96,84.04,Maharashtra,Summer,drip,medium,tomato
101,50,56,28.0,40.49,7.07,73.56,Maharashtra,Summer,drip,medium,tomato
95,44,65,29.99,45.12,6.87,93.41,Maharashtra,Summer,drip,medium,tomato
103,46,41,30.37,42.56,6.28,47.94,Maharashtra,Summer,drip,medium,tomato
91,47,63,29.01,53.15,6.65,71.52,Maharashtra,Summer,drip,medium,tomato
81,42,41,26.49,48.92,6.33,51.18,Maharashtra,Summer,drip,medium,tomato
82,49,66,28.39,50.11,6.46,93.45,Maharashtra,Summer,drip,medium,tomato
93,48,55,25.62,43.11,6.79,47.26,Maharashtra,Summer,drip,medium,tomato
103,38,59,26.46,48.2,6.95,72.48,Maharashtra,Summer,drip,medium,tomato
99,52,50,27.7,48.96,6.86,71.36,Maharashtra,Summer,drip,medium,tomato
88,50,47,31.92,41.92,6.47,80.13,Maharashtra,Summer,drip,medium,tomato
105,40,66,28.99,45.55,6.85,93.16,Maharashtra,Summer,drip,medium,tomato
116,46,47,26.61,41.08,6.59,75.57,Maharashtra,Summer,drip,medium,tomato
102,51,41,28.48,48.27,6.05,81.8,Maharashtra,Summer,drip,medium,tomato
127,49,57,28.09,47.39,7.13,69.8,Maharashtra,Summer,drip,medium,tomato
112,47,66,30.13,47.23,6.78,70.3,Maharashtra,Summer,drip,medium,tomato
110,42,56,28.21,41.36,6.81,52.12,Maharashtra,Summer,drip,medium,tomato
96,48,56,28.73,43.19,7.01,61.71,Maharashtra,Summer,drip,medium,tomato
107,51,45,27.89,44.59,6.82,60.85,Maharashtra,Summer,drip,medium,tomato
88,45,51,28.28,49.92,6.35,73.29,Maharashtra,Summer,drip,medium,tomato
94,45,51,26.73,48.01,7.44,73.49,Maharashtra,Summer,drip,medium,tomato
93,41,61,27.18,51.48,6.34,77.88,Maharashtra,Summer,drip,medium,tomato
107,49,60,28.9,50.92,6.5,65.34,Maharashtra,Summer,drip,medium,tomato
96,52,58,29.52,45.81,6.95,51.72,Maharashtra,Summer,drip,medium,tomato
96,44,52,28.02,48.6,6.81,92.91,Maharashtra,Summer,drip,medium,tomato
79,52,51,30.47,44.9,6.84,58.85,Maharashtra,Summer,drip,medium,tomato
88,48,37,26.68,49.44,6.65,61.77,Maharashtra,Summer,drip,medium,tomato
115,54,55,30.41,52.32,6.75,67.32,Maharashtra,Summer,drip,medium,tomato
101,38,59,28.01,46.72,6.76,62.29,Maharashtra,Summer,drip,medium,tomato
100,38,52,26.83,43.14,6.19,68.56,Maharashtra,Summer,drip,medium,tomato
105,46,62,27.07,44.67,6.98,73.7,Maharashtra,Summer,drip,medium,tomato
102,56,53,27.77,42.69,6.68,90.33,Maharashtra,Summer,drip,medium,tomato
106,52,57,25.14,48.91,6.78,75.03,Maharashtra,Summer,drip,medium,tomato
112,44,59,26.88,40.68,6.6,70.29,Maharashtra,Summer,drip,medium,tomato
105,40,65,27.05,46.16,6.75,79.49,Maharashtra,Summer,drip,medium,tomato
105,56,51,28.97,46.18,7.0,81.73,Maharashtra,Summer,drip,medium,tomato
102,38,52,27.04,44.79,6.54,67.23,Maharashtra,Summer,drip,medium,tomato
96,43,53,27.11,46.64,6.52,66.02,Maharashtra,Summer,drip,medium,tomato
99,32,72,29.29,47.73,6.62,76.41,Maharashtra,Summer,drip,medium,tomato
88,47,44,26.6,43.78,7.13,58.47,Maharashtra,Summer,drip,medium,tomato
103,35,55,31.1,48.42,6.23,75.65,Maharashtra,Summer,drip,medium,tomato
95,51,54,26.34,45.98,6.58,42.6,Maharashtra,Summer,drip,medium,tomato
98,45,58,30.03,45.42,6.37,62.45,Maharashtra,Summer,drip,medium,tomato
100,51,55,28.3,45.59,6.75,103.66,Maharashtra,Summer,drip,medium,tomato
99,44,55,27.49,40.52,6.31,64.1,Maharashtra,Summer,drip,medium,tomato
112,51,48,28.26,47.0,6.57,94.63,Maharashtra,Summer,drip,medium,tomato
108,47,55,26.16,51.7,6.9,81.14,Maharashtra,Summer,drip,medium,tomato
93,42,58,30.15,53.11,6.57,72.62,Maharashtra,Summer,drip,medium,tomato
79,33,58,27.22,38.94,6.46,80.14,Maharashtra,Summer,drip,medium,tomato
104,37,63,27.46,47.55,6.76,74.83,Maharashtra,Summer,drip,medium,tomato
91,45,57,28.2,46.89,7.03,67.93,Maharashtra,Summer,drip,medium,tomato
107,44,64,26.39,51.5,6.62,106.68,Maharashtra,Summer,drip,medium,tomato
104,49,54,29.52,49.11,6.71,86.46,Maharashtra,Summer,drip,medium,tomato
70,42,55,29.25,50.23,6.69,69.14,Maharashtra,Summer,drip,medium,tomato
109,51,60,28.27,56.27,6.77,78.25,Maharashtra,Summer,drip,medium,tomato
116,53,60,27.15,46.93,6.88,104.28,Maharashtra,Summer,drip,medium,tomato
129,42,61,27.28,46.02,6.53,100.04,Maharashtra,Summer,drip,medium,tomato
102,46,55,29.06,48.07,6.58,49.68,Maharashtra,Summer,drip,medium,tomato
87,37,56,27.28,50.26,6.81,47.47,Maharashtra,Summer,drip,medium,tomato
96,34,47,27.76,42.88,7.22,86.23,Maharashtra,Summer,drip,medium,tomato
97,52,49,28.0,49.77,6.47,85.28,Maharashtra,Summer,drip,medium,tomato
103,48,67,29.18,46.98,6.38,78.15,Maharashtra,Summer,drip,medium,tomato
95,44,52,29.24,42.7,6.8,59.38,Maharashtra,Summer,drip,medium,tomato
82,43,58,27.33,47.02,6.66,59.47,Maharashtra,Summer,drip,medium,tomato
106,42,57,26.31,47.02,6.91,80.28,Maharashtra,Summer,drip,medium,tomato
109,48,57,29.77,45.07,6.88,75.33,Maharashtra,Summer,drip,medium,tomato
119,46,46,28.88,42.85,6.93,86.2,Maharashtra,Summer,drip,medium,tomato
94,40,56,27.14,43.29,6.62,84.36,Maharashtra,Summer,drip,medium,tomato
85,41,71,31.43,51.14,6.76,86.28,Maharashtra,Summer,drip,medium,tomato
96,31,51,27.79,46.61,6.87,99.76,Maharashtra,Summer,drip,medium,tomato
100,40,54,29.47,46.07,6.55,82.87,Maharashtra,Summer,drip,medium,tomato
89,41,58,27.32,45.15,6.75,74.37,Maharashtra,Summer,drip,medium,tomato
90,47,49,30.98,44.96,6.9,86.0,Maharashtra,Summer,drip,medium,tomato
96,40,60,26.37,41.63,6.9,71.99,Maharashtra,Summer,drip,medium,tomato
93,43,50,31.77,50.4,6.54,70.31,Maharashtra,Summer,drip,medium,tomato
106,40,51,28.05,43.12,7.02,64.28,Maharashtra,Summer,drip,medium,tomato
99,46,66,28.37,54.69,6.66,71.69,Maharashtra,Summer,drip,medium,tomato
109,55,53,30.35,49.75,6.56,74.73,Maharashtra,Summer,drip,medium,tomato
100,40,56,28.62,47.94,6.77,64.99,Maharashtra,Summer,drip,medium,tomato
124,46,64,29.16,52.28,6.56,73.67,Maharashtra,Summer,drip,medium,tomato
96,42,57,28.13,41.03,6.67,69.21,Maharashtra,Summer,drip,medium,tomato
109,38,52,27.37,49.36,6.61,90.69,Maharashtra,Summer,drip,medium,tomato
100,47,62,26.7,45.55,6.86,77.97,Maharashtra,Summer,drip,medium,tomato
87,48,55,28.69,45.65,6.0,83.18,Maharashtra,Summer,drip,medium,tomato
106,43,45,27.7,50.31,6.65,75.34,Maharashtra,Summer,drip,medium,tomato
22,36,30,26.32,58.8,7.0,570.21,Maharashtra,Kharif,rainfed,low,tur
33,46,38,26.65,63.58,6.77,627.11,Maharashtra,Kharif,rainfed,low,tur
33,38,27,28.11,56.69,6.83,720.55,Maharashtra,Kharif,rainfed,low,tur
34,41,26,25.45,61.59,7.21,666.87,Maharashtra,Kharif,rainfed,low,tur
29,37,33,25.33,60.37,6.54,579.82,Maharashtra,Kharif,rainfed,low,tur
32,43,34,25.51,52.52,7.0,523.37,Maharashtra,Kharif,rainfed,low,tur
36,35,42,25.72,61.85,6.75,638.79,Maharashtra,Kharif,rainfed,low,tur
32,44,37,27.97,64.15,6.79,693.25,Maharashtra,Kharif,rainfed,low,tur
30,45,33,27.83,61.17,7.25,596.16,Maharashtra,Kharif,rainfed,low,tur
24,45,38,26.85,63.24,6.46,608.56,Maharashtra,Kharif,rainfed,low,tur
32,31,26,27.21,57.58,6.88,622.91,Maharashtra,Kharif,rainfed,low,tur
26,39,32,26.22,57.99,6.93,704.65,Maharashtra,Kharif,rainfed,low,tur
31,30,28,28.24,57.26,6.97,778.33,Maharashtra,Kharif,rainfed,low,tur
34,29,39,27.2,61.48,7.1,710.89,Maharashtra,Kharif,rainfed,low,tur
31,33,34,25.16,67.27,6.88,646.55,Maharashtra,Kharif,rainfed,low,tur
28,42,34,26.1,61.81,7.02,643.61,Maharashtra,Kharif,rainfed,low,tur
28,52,37,27.97,64.51,7.1,626.71,Maharashtra,Kharif,rainfed,low,tur
20,34,42,28.55,60.81,6.47,692.32,Maharashtra,Kharif,rainfed,low,tur
30,43,28,26.35,63.54,7.64,606.1,Maharashtra,Kharif,rainfed,low,tur
27,45,27,25.42,61.06,7.7,593.41,Maharashtra,Kharif,rainfed,low,tur
30,41,31,24.64,63.21,7.06,674.46,Maharashtra,Kharif,rainfed,low,tur
31,48,30,25.56,66.65,6.27,639.75,Maharashtra,Kharif,rainfed,low,tur
31,39,26,25.42,63.83,7.46,622.18,Maharashtra,Kharif,rainfed,low,tur
27,31,36,28.33,48.76,6.19,659.12,Maharashtra,Kharif,rainfed,low,tur
33,38,32,26.67,60.11,6.7,649.18,Maharashtra,Kharif,rainfed,low,tur
28,36,25,26.77,63.21,6.89,626.43,Maharashtra,Kharif,rainfed,low,tur
37,45,40,30.01,60.24,6.61,615.26,Maharashtra,Kharif,rainfed,low,tur
34,47,28,27.34,56.83,6.95,639.23,Maharashtra,Kharif,rainfed,low,tur
33,50,34,26.43,57.62,6.94,591.89,Maharashtra,Kharif,rainfed,low,tur
32,28,32,26.82,55.36,6.87,724.66,Maharashtra,Kharif,rainfed,low,tur
37,37,35,25.0,58.82,7.08,751.8,Maharashtra,Kharif,rainfed,low,tur
37,41,29,28.81,58.64,7.15,641.83,Maharashtra,Kharif,rainfed,low,tur
40,37,36,26.88,62.28,7.54,516.36,Maharashtra,Kharif,rainfed,low,tur
31,36,34,27.92,58.12,6.83,663.59,Maharashtra,Kharif,rainfed,low,tur
26,42,29,27.98,54.73,6.81,599.92,Maharashtra,Kharif,rainfed,low,tur
30,47,36,26.36,58.08,7.3,572.4,Maharashtra,Kharif,rainfed,low,tur
32,37,32,28.08,57.32,7.32,796.64,Maharashtra,Kharif,rainfed,low,tur
34,40,37,25.52,66.08,6.75,794.54,Maharashtra,Kharif,rainfed,low,tur
28,43,26,26.72,55.68,6.52,730.37,Maharashtra,Kharif,rainfed,low,tur
26,36,29,28.52,64.07,7.42,597.57,Maharashtra,Kharif,rainfed,low,tur
38,36,29,26.07,57.35,6.97,594.09,Maharashtra,Kharif,rainfed,low,tur
33,27,33,25.55,57.32,6.78,712.88,Maharashtra,Kharif,rainfed,low,tur
34,39,30,28.04,67.18,6.99,543.45,Maharashtra,Kharif,rainfed,low,tur
28,43,31,25.86,56.39,7.03,547.74,Maharashtra,Kharif,rainfed,low,tur
31,40,31,25.61,64.07,6.56,661.52,Maharashtra,Kharif,rainfed,low,tur
35,41,38,25.49,56.84,6.85,850.0,Maharashtra,Kharif,rainfed,low,tur
34,43,35,27.11,64.2,6.38,668.46,Maharashtra,Kharif,rainfed,low,tur
33,45,28,25.56,55.92,7.17,685.77,Maharashtra,Kharif,rainfed,low,tur
27,50,34,27.17,59.17,7.31,675.97,Maharashtra,Kharif,rainfed,low,tur
40,34,26,26.01,62.21,6.86,734.74,Maharashtra,Kharif,rainfed,low,tur
30,45,29,28.58,65.48,6.81,682.64,Maharashtra,Kharif,rainfed,low,tur
33,43,38,28.3,62.06,7.22,565.38,Maharashtra,Kharif,rainfed,low,tur
31,34,32,28.49,59.97,6.16,580.21,Maharashtra,Kharif,rainfed,low,tur
34,37,36,25.39,61.53,7.14,702.66,Maharashtra,Kharif,rainfed,low,tur
29,44,39,23.97,60.21,6.4,592.65,Maharashtra,Kharif,rainfed,low,tur
28,40,34,28.21,61.06,7.22,578.1,Maharashtra,Kharif,rainfed,low,tur
36,25,39,28.8,63.0,7.74,529.75,Maharashtra,Kharif,rainfed,low,tur
35,41,34,25.45,61.58,7.12,604.03,Maharashtra,Kharif,rainfed,low,tur
31,33,31,28.28,63.92,7.26,714.03,Maharashtra,Kharif,rainfed,low,tur
36,37,34,28.45,54.48,6.54,553.96,Maharashtra,Kharif,rainfed,low,tur
23,35,30,29.02,58.25,6.49,661.08,Maharashtra,Kharif,rainfed,low,tur
31,36,30,28.42,54.36,6.44,681.12,Maharashtra,Kharif,rainfed,low,tur
29,48,32,26.87,63.15,6.44,672.51,Maharashtra,Kharif,rainfed,low,tur
30,45,30,27.24,58.56,7.14,633.26,Maharashtra,Kharif,rainfed,low,tur
33,49,31,27.54,69.15,7.13,487.72,Maharashtra,Kharif,rainfed,low,tur
29,34,36,26.87,64.25,7.2,690.48,Maharashtra,Kharif,rainfed,low,tur
26,43,38,25.07,58.73,7.12,656.53,Maharashtra,Kharif,rainfed,low,tur
38,44,34,28.09,63.06,7.01,626.35,Maharashtra,Kharif,rainfed,low,tur
36,36,32,25.46,62.93,7.41,587.63,Maharashtra,Kharif,rainfed,low,tur
31,38,37,28.89,58.08,6.0,726.85,Maharashtra,Kharif,rainfed,low,tur
32,40,37,26.51,57.48,6.88,682.61,Maharashtra,Kharif,rainfed,low,tur
35,48,34,26.81,63.54,6.68,744.63,Maharashtra,Kharif,rainfed,low,tur
32,39,28,27.84,58.88,6.97,538.59,Maharashtra,Kharif,rainfed,low,tur
30,37,34,26.64,49.4,6.86,553.03,Maharashtra,Kharif,rainfed,low,tur
27,45,25,27.39,57.97,6.77,584.71,Maharashtra,Kharif,rainfed,low,tur
33,42,25,28.53,55.25,7.13,571.27,Maharashtra,Kharif,rainfed,low,tur
29,34,30,26.73,55.4,7.1,679.7,Maharashtra,Kharif,rainfed,low,tur
44,45,37,24.64,52.17,6.9,769.12,Maharashtra,Kharif,rainfed,low,tur
43,37,30,27.73,59.21,6.94,692.33,Maharashtra,Kharif,rainfed,low,tur
44,47,40,24.54,64.3,6.68,761.76,Maharashtra,Kharif,rainfed,low,tur
38,43,29,26.35,58.39,7.25,676.93,Maharashtra,Kharif,rainfed,low,tur
38,48,29,27.63,61.85,6.97,712.78,Maharashtra,Kharif,rainfed,low,tur
34,37,32,26.53,57.09,6.97,563.54,Maharashtra,Kharif,rainfed,low,tur
34,47,33,28.26,60.62,6.66,783.8,Maharashtra,Kharif,rainfed,low,tur
21,40,29,29.11,60.86,7.85,652.4,Maharashtra,Kharif,rainfed,low,tur
28,31,37,25.89,58.32,7.41,720.22,Maharashtra,Kharif,rainfed,low,tur
29,38,25,24.26,63.05,7.29,673.81,Maharashtra,Kharif,rainfed,low,tur
32,36,39,24.62,58.13,7.05,649.97,Maharashtra,Kharif,rainfed,low,tur
31,37,35,25.38,59.42,7.14,627.83,Maharashtra,Kharif,rainfed,low,tur
32,41,25,24.78,60.54,6.8,613.47,Maharashtra,Kharif,rainfed,low,tur
34,35,22,29.21,64.84,7.4,575.28,Maharashtra,Kharif,rainfed,low,tur
31,34,32,26.54,55.69,7.17,632.75,Maharashtra,Kharif,rainfed,low,tur
39,40,22,24.58,68.38,6.88,666.0,Maharashtra,Kharif,rainfed,low,tur
32,47,25,28.77,65.04,7.0,677.55,Maharashtra,Kharif,rainfed,low,tur
30,32,35,27.33,61.07,7.16,609.71,Maharashtra,Kharif,rainfed,low,tur
38,40,35,26.64,64.2,7.03,644.33,Maharashtra,Kharif,rainfed,low,tur
37,31,31,26.18,61.5,7.11,649.21,Maharashtra,Kharif,rainfed,low,tur
28,40,34,26.76,64.43,7.2,651.27,Maharashtra,Kharif,rainfed,low,tur
21,39,35,26.63,61.21,6.93,665.5,Maharashtra,Kharif,rainfed,low,tur
38,44,27,24.79,61.77,7.39,539.29,Maharashtra,Kharif,rainfed,low,tur
31,52,31,30.37,56.71,6.78,603.14,Maharashtra,Kharif,rainfed,low,tur
26,32,32,27.19,57.13,6.84,746.41,Maharashtra,Kharif,rainfed,low,tur
36,39,34,24.82,61.08,6.98,625.06,Maharashtra,Kharif,rainfed,low,tur
32,39,27,29.24,63.8,6.87,532.63,Maharashtra,Kharif,rainfed,low,tur
20,50,32,28.02,56.21,6.9,632.91,Maharashtra,Kharif,rainfed,low,tur
33,40,29,25.76,59.67,6.42,595.13,Maharashtra,Kharif,rainfed,low,tur
31,42,39,26.36,60.14,6.38,672.32,Maharashtra,Kharif,rainfed,low,tur
27,38,34,27.69,54.19,7.27,647.41,Maharashtra,Kharif,rainfed,low,tur
37,47,39,25.1,61.61,6.47,736.76,Maharashtra,Kharif,rainfed,low,tur
38,45,31,27.73,57.79,7.0,643.85,Maharashtra,Kharif,rainfed,low,tur
23,36,42,26.88,60.64,7.0,622.63,Maharashtra,Kharif,rainfed,low,tur
32,38,23,28.05,66.45,6.61,622.48,Maharashtra,Kharif,rainfed,low,tur
38,36,34,31.0,62.53,7.02,708.78,Maharashtra,Kharif,rainfed,low,tur
35,37,25,27.79,62.98,6.9,759.68,Maharashtra,Kharif,rainfed,low,tur
38,44,31,24.21,59.3,6.39,492.86,Maharashtra,Kharif,rainfed,low,tur
34,46,24,26.66,59.93,6.9,558.1,Maharashtra,Kharif,rainfed,low,tur
37,33,24,25.17,61.93,6.91,598.65,Maharashtra,Kharif,rainfed,low,tur
34,42,23,27.69,64.72,6.96,634.34,Maharashtra,Kharif,rainfed,low,tur
40,36,32,27.44,60.19,6.91,655.95,Maharashtra,Kharif,rainfed,low,tur
39,44,32,25.85,57.08,7.32,543.78,Maharashtra,Kharif,rainfed,low,tur
42,40,27,27.24,56.8,6.86,549.28,Maharashtra,Kharif,rainfed,low,tur
30,29,30,25.9,57.99,6.75,652.26,Maharashtra,Kharif,rainfed,low,tur
35,42,38,26.34,61.3,7.12,726.78,Maharashtra,Kharif,rainfed,low,tur
28,44,29,26.24,58.57,7.15,577.53,Maharashtra,Kharif,rainfed,low,tur
27,37,33,25.75,61.06,6.88,693.86,Maharashtra,Kharif,rainfed,low,tur
32,49,33,25.38,59.15,7.01,589.42,Maharashtra,Kharif,rainfed,low,tur
38,38,30,27.24,56.38,7.32,701.02,Maharashtra,Kharif,rainfed,low,tur
32,43,30,25.0,58.7,6.83,514.23,Maharashtra,Kharif,rainfed,low,tur
27,34,28,28.78,62.05,7.32,683.97,Maharashtra,Kharif,rainfed,low,tur
36,40,39,25.36,59.73,6.66,732.78,Maharashtra,Kharif,rainfed,low,tur
33,46,27,26.2,52.86,7.12,621.46,Maharashtra,Kharif,rainfed,low,tur
35,40,24,24.79,60.33,7.16,502.25,Maharashtra,Kharif,rainfed,low,tur
31,35,28,26.13,60.49,6.76,517.59,Maharashtra,Kharif,rainfed,low,tur
32,38,29,26.59,58.61,7.01,633.47,Maharashtra,Kharif,rainfed,low,tur
32,40,36,29.11,59.94,6.79,554.21,Maharashtra,Kharif,rainfed,low,tur
34,35,42,30.71,59.15,6.44,693.59,Maharashtra,Kharif,rainfed,low,tur
41,33,40,24.53,54.18,7.1,717.78,Maharashtra,Kharif,rainfed,low,tur
31,42,37,28.63,57.51,6.71,720.24,Maharashtra,Kharif,rainfed,low,tur
34,43,30,27.85,55.62,7.08,657.45,Maharashtra,Kharif,rainfed,low,tur
32,44,28,27.9,60.08,6.74,561.88,Maharashtra,Kharif,rainfed,low,tur
40,40,31,25.48,64.35,7.34,704.57,Maharashtra,Kharif,rainfed,low,tur
31,44,29,27.29,59.78,7.09,529.12,Maharashtra,Kharif,rainfed,low,tur
40,48,28,27.77,54.05,7.03,503.62,Maharashtra,Kharif,rainfed,low,tur
30,38,37,29.22,66.76,7.39,655.49,Maharashtra,Kharif,rainfed,low,tur
33,42,28,28.53,62.76,7.25,497.9,Maharashtra,Kharif,rainfed,low,tur
34,45,32,26.33,54.55,6.52,660.29,Maharashtra,Kharif,rainfed,low,tur
30,39,39,25.33,58.62,7.56,629.19,Maharashtra,Kharif,rainfed,low,tur
32,39,35,24.26,59.19,7.02,583.45,Maharashtra,Kharif,rainfed,low,tur
33,44,34,29.37,58.27,7.17,681.74,Maharashtra,Kharif,rainfed,low,tur
30,46,34,25.4,63.0,6.83,628.48,Maharashtra,Kharif,rainfed,low,tur
30,44,37,26.79,59.13,6.32,602.68,Maharashtra,Kharif,rainfed,low,tur
27,42,32,25.79,60.61,6.98,480.64,Maharashtra,Kharif,rainfed,low,tur
36,45,32,27.47,58.7,6.47,794.25,Maharashtra,Kharif,rainfed,low,tur
35,45,31,28.5,54.52,6.92,699.32,Maharashtra,Kharif,rainfed,low,tur
29,45,34,27.28,57.12,7.13,778.84,Maharashtra,Kharif,rainfed,low,tur
32,43,35,25.47,59.47,6.95,508.34,Maharashtra,Kharif,rainfed,low,tur
35,35,35,25.99,68.17,6.91,778.08,Maharashtra,Kharif,rainfed,low,tur
31,40,39,25.78,60.2,7.18,676.92,Maharashtra,Kharif,rainfed,low,tur
32,40,36,27.24,63.87,7.13,693.35,Maharashtra,Kharif,rainfed,low,tur
37,38,37,26.79,54.4,6.89,601.82,Maharashtra,Kharif,rainfed,low,tur
33,39,33,28.35,65.94,7.1,722.38,Maharashtra,Kharif,rainfed,low,tur
31,32,28,26.74,63.18,6.94,729.06,Maharashtra,Kharif,rainfed,low,tur
40,36,41,24.82,67.4,6.99,634.48,Maharashtra,Kharif,rainfed,low,tur
31,36,39,26.08,57.74,6.54,601.29,Maharashtra,Kharif,rainfed,low,tur
28,36,32,25.51,66.38,6.95,674.94,Maharashtra,Kharif,rainfed,low,tur
35,50,36,26.67,55.71,7.11,720.82,Maharashtra,Kharif,rainfed,low,tur
32,40,33,24.51,60.59,7.24,646.95,Maharashtra,Kharif,rainfed,low,tur
37,46,30,27.59,60.17,6.32,637.52,Maharashtra,Kharif,rainfed,low,tur
27,41,35,26.71,56.4,7.08,812.91,Maharashtra,Kharif,rainfed,low,tur
22,41,30,26.43,59.58,6.89,690.12,Maharashtra,Kharif,rainfed,low,tur
30,29,38,28.51,57.57,7.02,731.17,Maharashtra,Kharif,rainfed,low,tur
36,47,34,28.03,65.64,6.89,679.37,Maharashtra,Kharif,rainfed,low,tur
22,32,35,27.87,58.45,6.8,626.3,Maharashtra,Kharif,rainfed,low,tur
32,28,34,27.04,60.99,6.96,557.79,Maharashtra,Kharif,rainfed,low,tur
27,48,30,28.08,55.67,7.0,620.62,Maharashtra,Kharif,rainfed,low,tur
30,38,39,29.57,60.95,6.86,561.38,Maharashtra,Kharif,rainfed,low,tur
25,47,26,26.41,60.62,6.13,566.63,Maharashtra,Kharif,rainfed,low,tur
25,37,34,28.37,57.35,6.85,642.03,Maharashtra,Kharif,rainfed,low,tur
28,42,34,23.37,62.56,7.04,667.25,Maharashtra,Kharif,rainfed,low,tur
37,31,27,26.91,50.71,6.93,706.4,Maharashtra,Kharif,rainfed,low,tur
33,40,32,26.43,58.06,7.08,546.61,Maharashtra,Kharif,rainfed,low,tur
38,36,35,27.11,55.39,7.43,722.1,Maharashtra,Kharif,rainfed,low,tur
24,40,33,24.24,51.52,6.72,562.45,Maharashtra,Kharif,rainfed,low,tur
27,33,32,25.81,64.46,7.06,702.95,Maharashtra,Kharif,rainfed,low,tur
24,37,33,27.6,57.41,6.83,623.9,Maharashtra,Kharif,rainfed,low,tur
30,51,34,27.05,54.96,6.59,635.79,Maharashtra,Kharif,rainfed,low,tur
37,39,32,26.01,53.03,7.15,633.04,Maharashtra,Kharif,rainfed,low,tur
34,41,28,27.3,54.84,7.07,645.81,Maharashtra,Kharif,rainfed,low,tur
38,36,27,26.45,62.44,6.07,708.37,Maharashtra,Kharif,rainfed,low,tur
31,34,31,26.01,55.1,6.35,698.7,Maharashtra,Kharif,rainfed,low,tur
29,38,36,27.07,53.76,7.22,748.92,Maharashtra,Kharif,rainfed,low,tur
34,36,26,25.8,60.41,7.48,599.38,Maharashtra,Kharif,rainfed,low,tur
29,45,31,29.29,59.41,7.39,675.52,Maharashtra,Kharif,rainfed,low,tur
35,39,32,27.56,63.19,7.18,532.17,Maharashtra,Kharif,rainfed,low,tur
33,37,30,27.61,66.79,6.92,781.53,Maharashtra,Kharif,rainfed,low,tur
27,46,34,27.28,65.53,6.79,735.17,Maharashtra,Kharif,rainfed,low,tur
31,37,27,29.11,64.57,6.84,686.36,Maharashtra,Kharif,rainfed,low,tur
32,38,37,26.17,51.23,7.09,654.45,Maharashtra,Kharif,rainfed,low,tur
29,36,26,26.52,56.5,7.32,684.43,Maharashtra,Kharif,rainfed,low,tur
29,43,32,26.64,59.78,7.59,692.93,Maharashtra,Kharif,rainfed,low,tur
30,44,36,27.35,58.69,6.87,578.32,Maharashtra,Kharif,rainfed,low,tur
32,37,31,27.83,66.75,7.12,642.99,Maharashtra,Kharif,rainfed,low,tur
31,46,34,27.26,61.06,6.52,676.03,Maharashtra,Kharif,rainfed,low,tur
28,42,29,27.79,59.39,6.62,630.62,Maharashtra,Kharif,rainfed,low,tur
41,29,33,25.65,65.51,7.27,662.39,Maharashtra,Kharif,rainfed,low,tur
36,41,33,26.2,58.56,6.85,650.69,Maharashtra,Kharif,rainfed,low,tur
23,45,41,26.42,64.7,6.96,609.85,Maharashtra,Kharif,rainfed,low,tur
30,40,29,27.81,57.92,6.64,648.67,Maharashtra,Kharif,rainfed,low,tur
28,38,32,25.21,65.84,7.27,608.0,Maharashtra,Kharif,rainfed,low,tur
31,43,33,29.51,59.05,7.4,561.02,Maharashtra,Kharif,rainfed,low,tur
26,48,31,25.44,59.81,7.42,599.1,Maharashtra,Kharif,rainfed,low,tur
31,31,31,28.33,56.86,6.58,598.26,Maharashtra,Kharif,rainfed,low,tur
29,44,34,27.76,60.11,6.79,598.24,Maharashtra,Kharif,rainfed,low,tur
33,48,29,25.64,55.46,7.28,647.19,Maharashtra,Kharif,rainfed,low,tur
34,37,35,26.62,53.82,7.31,647.58,Maharashtra,Kharif,rainfed,low,tur
30,41,26,27.57,57.62,6.95,725.95,Maharashtra,Kharif,rainfed,low,tur
34,39,32,23.59,56.71,7.06,599.06,Maharashtra,Kharif,rainfed,low,tur
26,42,38,26.04,63.5,7.24,584.88,Maharashtra,Kharif,rainfed,low,tur
28,49,28,26.19,67.86,6.81,740.2,Maharashtra,Kharif,rainfed,low,tur
27,41,37,26.38,60.4,7.25,589.87,Maharashtra,Kharif,rainfed,low,tur
42,45,31,26.69,67.65,6.88,618.52,Maharashtra,Kharif,rainfed,low,tur
37,33,32,27.11,57.19,6.48,654.61,Maharashtra,Kharif,rainfed,low,tur
35,37,28,28.67,62.11,6.88,711.39,Maharashtra,Kharif,rainfed,low,tur
33,49,35,25.15,57.37,6.8,670.64,Maharashtra,Kharif,rainfed,low,tur
30,34,35,28.33,59.59,7.07,585.5,Maharashtra,Kharif,rainfed,low,tur
29,38,35,27.34,58.68,6.88,518.81,Maharashtra,Kharif,rainfed,low,tur
39,30,34,27.05,58.94,7.0,605.8,Maharashtra,Kharif,rainfed,low,tur
34,33,34,26.1,58.29,6.87,638.98,Maharashtra,Kharif,rainfed,low,tur
34,40,36,28.39,61.24,7.23,785.0,Maharashtra,Kharif,rainfed,low,tur
25,45,39,27.58,67.62,7.59,627.53,Maharashtra,Kharif,rainfed,low,tur
30,43,30,30.61,63.16,7.02,555.99,Maharashtra,Kharif,rainfed,low,tur
33,34,36,23.66,65.53,6.86,537.22,Maharashtra,Kharif,rainfed,low,tur
31,40,32,28.84,61.52,7.27,633.42,Maharashtra,Kharif,rainfed,low,tur
33,33,34,25.99,65.28,7.03,694.19,Maharashtra,Kharif,rainfed,low,tur
33,49,26,26.85,56.16,6.32,581.66,Maharashtra,Kharif,rainfed,low,tur
37,40,32,28.03,60.46,7.2,671.52,Maharashtra,Kharif,rainfed,low,tur
34,38,37,25.38,59.66,7.37,639.73,Maharashtra,Kharif,rainfed,low,tur
30,51,38,27.19,56.12,6.32,697.24,Maharashtra,Kharif,rainfed,low,tur
37,42,25,27.21,58.05,7.05,779.56,Maharashtra,Kharif,rainfed,low,tur
35,43,32,27.55,57.11,7.18,637.11,Maharashtra,Kharif,rainfed,low,tur
28,44,23,26.27,62.45,7.41,681.45,Maharashtra,Kharif,rainfed,low,tur
28,40,34,29.08,63.68,7.31,654.36,Maharashtra,Kharif,rainfed,low,tur
27,33,31,27.93,57.99,7.19,597.02,Maharashtra,Kharif,rainfed,low,tur
29,47,36,26.59,56.68,7.32,708.43,Maharashtra,Kharif,rainfed,low,tur
34,39,28,26.98,65.63,6.7,653.16,Maharashtra,Kharif,rainfed,low,tur
39,38,32,25.2,62.49,6.75,546.36,Maharashtra,Kharif,rainfed,low,tur
27,41,26,25.15,62.24,6.98,589.07,Maharashtra,Kharif,rainfed,low,tur
30,49,38,26.86,63.26,7.04,531.72,Maharashtra,Kharif,rainfed,low,tur
23,35,26,27.36,57.8,7.14,679.38,Maharashtra,Kharif,rainfed,low,tur
35,35,35,25.73,62.85,7.41,698.21,Maharashtra,Kharif,rainfed,low,tur
31,43,26,24.66,61.87,7.44,567.9,Maharashtra,Kharif,rainfed,low,tur
32,42,30,26.55,62.45,7.04,657.5,Maharashtra,Kharif,rainfed,low,tur
27,40,31,26.54,57.83,6.99,592.11,Maharashtra,Kharif,rainfed,low,tur
32,38,29,24.4,63.79,7.25,596.34,Maharashtra,Kharif,rainfed,low,tur
35,35,31,26.29,58.89,7.22,623.21,Maharashtra,Kharif,rainfed,low,tur
30,44,33,26.21,60.96,7.33,720.39,Maharashtra,Kharif,rainfed,low,tur
26,34,37,26.62,51.2,6.76,620.73,Maharashtra,Kharif,rainfed,low,tur
30,44,29,28.25,61.14,6.57,628.7,Maharashtra,Kharif,rainfed,low,tur
34,40,34,26.22,62.22,6.87,819.74,Maharashtra,Kharif,rainfed,low,tur
26,53,29,28.69,63.31,6.7,689.96,Maharashtra,Kharif,rainfed,low,tur
29,41,33,26.53,58.27,7.11,589.75,Maharashtra,Kharif,rainfed,low,tur
28,45,34,25.26,55.99,6.29,710.65,Maharashtra,Kharif,rainfed,low,tur
35,35,35,29.65,53.84,6.79,545.92,Maharashtra,Kharif,rainfed,low,tur
36,40,31,27.3,57.77,6.87,668.32,Maharashtra,Kharif,rainfed,low,tur
29,38,32,27.12,62.41,7.19,550.03,Maharashtra,Kharif,rainfed,low,tur
38,40,31,25.8,67.96,7.79,774.41,Maharashtra,Kharif,rainfed,low,tur
32,42,39,26.68,62.17,7.08,777.92,Maharashtra,Kharif,rainfed,low,tur
38,39,39,26.99,57.82,6.9,659.83,Maharashtra,Kharif,rainfed,low,tur
28,37,26,25.9,60.94,7.35,710.94,Maharashtra,Kharif,rainfed,low,tur
33,32,29,26.74,63.85,6.81,568.68,Maharashtra,Kharif,rainfed,low,tur
38,36,28,27.3,59.8,6.83,650.02,Maharashtra,Kharif,rainfed,low,tur
27,37,32,24.29,63.82,6.54,587.41,Maharashtra,Kharif,rainfed,low,tur
36,43,33,24.72,57.58,6.93,640.43,Maharashtra,Kharif,rainfed,low,tur
37,50,35,26.29,64.86,6.8,475.09,Maharashtra,Kharif,rainfed,low,tur
26,28,31,26.76,53.63,6.72,554.91,Maharashtra,Kharif,rainfed,low,tur
31,36,37,27.23,66.42,6.85,792.96,Maharashtra,Kharif,rainfed,low,tur
32,37,43,24.56,57.79,6.44,527.45,Maharashtra,Kharif,rainfed,low,tur
22,43,27,26.66,63.57,7.15,677.59,Maharashtra,Kharif,rainfed,low,tur
37,48,27,27.64,58.91,6.95,549.23,Maharashtra,Kharif,rainfed,low,tur
29,38,38,25.46,50.46,7.0,566.22,Maharashtra,Kharif,rainfed,low,tur
31,43,32,26.43,59.37,7.28,573.02,Maharashtra,Kharif,rainfed,low,tur
35,35,35,24.94,62.17,6.97,656.44,Maharashtra,Kharif,rainfed,low,tur
36,36,32,27.4,58.8,7.24,671.99,Maharashtra,Kharif,rainfed,low,tur
29,46,35,25.88,56.59,6.93,679.83,Maharashtra,Kharif,rainfed,low,tur
22,36,30,25.08,55.91,7.05,617.41,Maharashtra,Kharif,rainfed,low,tur
30,33,32,24.99,65.84,7.58,618.46,Maharashtra,Kharif,rainfed,low,tur
26,44,35,29.5,68.56,6.32,727.24,Maharashtra,Kharif,rainfed,low,tur
30,43,36,27.98,64.0,6.81,586.47,Maharashtra,Kharif,rainfed,low,tur
37,36,40,25.98,58.48,6.94,547.26,Maharashtra,Kharif,rainfed,low,tur
25,45,25,30.36,59.62,6.66,678.01,Maharashtra,Kharif,rainfed,low,tur
20,38,32,25.31,57.47,7.51,662.22,Maharashtra,Kharif,rainfed,low,tur
33,36,27,26.68,50.17,6.63,566.5,Maharashtra,Kharif,rainfed,low,tur
22,43,32,26.17,62.68,6.45,560.43,Maharashtra,Kharif,rainfed,low,tur
37,51,35,27.63,57.67,6.81,665.15,Maharashtra,Kharif,rainfed,low,tur
38,42,36,25.78,62.47,6.78,659.34,Maharashtra,Kharif,rainfed,low,tur
34,37,28,27.48,59.46,7.05,693.81,Maharashtra,Kharif,rainfed,low,tur
37,43,35,26.33,58.61,7.15,625.78,Maharashtra,Kharif,rainfed,low,tur
34,36,41,27.26,60.51,6.84,777.53,Maharashtra,Kharif,rainfed,low,tur
26,36,36,27.32,57.69,6.82,630.61,Maharashtra,Kharif,rainfed,low,tur
32,48,35,28.36,58.26,7.17,546.35,Maharashtra,Kharif,rainfed,low,tur
32,41,40,29.08,58.97,6.73,597.35,Maharashtra,Kharif,rainfed,low,tur
30,47,34,27.69,63.24,6.67,602.73,Maharashtra,Kharif,rainfed,low,tur
34,36,26,25.56,64.22,6.88,665.06,Maharashtra,Kharif,rainfed,low,tur
27,42,31,27.59,58.09,7.17,614.87,Maharashtra,Kharif,rainfed,low,tur
31,39,33,27.37,58.02,6.96,662.43,Maharashtra,Kharif,rainfed,low,tur
34,40,29,27.12,62.68,6.56,561.9,Maharashtra,Kharif,rainfed,low,tur
29,39,23,27.77,59.27,6.22,575.79,Maharashtra,Kharif,rainfed,low,tur
30,31,37,27.25,62.71,6.66,677.42,Maharashtra,Kharif,rainfed,low,tur
29,39,34,26.91,63.23,7.05,619.12,Maharashtra,Kharif,rainfed,low,tur
35,45,33,28.78,59.06,6.96,650.29,Maharashtra,Kharif,rainfed,low,tur
31,38,30,25.67,60.44,7.4,704.28,Maharashtra,Kharif,rainfed,low,tur
33,46,33,25.68,58.6,6.98,615.84,Maharashtra,Kharif,rainfed,low,tur
34,45,25,26.81,48.39,6.97,643.15,Maharashtra,Kharif,rainfed,low,tur
39,47,36,25.72,55.93,6.63,751.77,Maharashtra,Kharif,rainfed,low,tur
27,38,29,25.32,61.33,7.05,501.7,Maharashtra,Kharif,rainfed,low,tur
26,41,32,26.47,62.42,6.52,610.33,Maharashtra,Kharif,rainfed,low,tur
34,37,34,25.47,56.7,6.41,512.86,Maharashtra,Kharif,rainfed,low,tur
29,42,32,28.55,58.43,6.29,672.95,Maharashtra,Kharif,rainfed,low,tur
27,41,23,26.63,62.81,7.19,633.28,Maharashtra,Kharif,rainfed,low,tur
31,38,31,27.84,57.0,6.78,544.7,Maharashtra,Kharif,rainfed,low,tur
34,38,27,28.1,59.6,6.73,705.87,Maharashtra,Kharif,rainfed,low,tur
30,32,36,25.81,71.86,6.83,512.0,Maharashtra,Kharif,rainfed,low,tur
39,39,33,27.44,54.34,6.26,776.62,Maharashtra,Kharif,rainfed,low,tur
24,48,34,27.16,57.91,7.75,600.2,Maharashtra,Kharif,rainfed,low,tur
28,43,29,25.58,59.55,7.21,771.77,Maharashtra,Kharif,rainfed,low,tur
41,31,37,25.62,56.05,6.8,606.29,Maharashtra,Kharif,rainfed,low,tur
26,28,38,28.13,59.73,6.66,728.93,Maharashtra,Kharif,rainfed,low,tur
31,37,25,27.65,58.46,7.07,657.84,Maharashtra,Kharif,rainfed,low,tur
34,41,31,27.67,63.6,7.5,571.94,Maharashtra,Kharif,rainfed,low,tur
36,32,37,26.15,63.17,7.48,661.95,Maharashtra,Kharif,rainfed,low,tur
31,40,31,28.5,59.57,6.27,708.94,Maharashtra,Kharif,rainfed,low,tur
35,40,29,25.45,56.86,7.07,527.1,Maharashtra,Kharif,rainfed,low,tur
33,40,38,27.93,57.11,6.44,595.25,Maharashtra,Kharif,rainfed,low,tur
38,41,35,26.16,61.94,6.49,712.35,Maharashtra,Kharif,rainfed,low,tur
26,30,42,27.18,60.43,6.38,691.5,Maharashtra,Kharif,rainfed,low,tur
35,39,36,28.56,62.1,6.28,573.23,Maharashtra,Kharif,rainfed,low,tur
39,40,33,25.89,57.45,7.4,749.9,Maharashtra,Kharif,rainfed,low,tur
35,43,35,26.91,55.19,6.53,737.65,Maharashtra,Kharif,rainfed,low,tur
31,42,33,27.35,61.38,7.23,598.83,Maharashtra,Kharif,rainfed,low,tur
37,36,33,25.42,59.33,6.78,651.61,Maharashtra,Kharif,rainfed,low,tur
35,40,41,28.06,59.09,6.97,675.18,Maharashtra,Kharif,rainfed,low,tur
35,34,35,25.39,62.16,7.37,669.98,Maharashtra,Kharif,rainfed,low,tur
21,31,35,23.73,62.44,7.33,725.68,Maharashtra,Kharif,rainfed,low,tur
30,42,33,25.04,62.98,7.46,695.96,Maharashtra,Kharif,rainfed,low,tur
29,44,38,28.55,64.11,6.47,676.55,Maharashtra,Kharif,rainfed,low,tur
34,45,35,29.07,52.69,7.19,681.93,Maharashtra,Kharif,rainfed,low,tur
36,48,29,29.01,63.26,6.94,589.41,Maharashtra,Kharif,rainfed,low,tur
32,41,34,26.16,62.44,6.86,731.11,Maharashtra,Kharif,rainfed,low,tur
39,36,33,28.3,61.1,6.55,707.65,Maharashtra,Kharif,rainfed,low,tur
29,41,28,28.06,58.32,7.3,635.67,Maharashtra,Kharif,rainfed,low,tur
29,42,28,29.4,60.74,6.81,623.38,Maharashtra,Kharif,rainfed,low,tur
32,45,29,26.51,59.8,7.51,716.61,Maharashtra,Kharif,rainfed,low,tur
39,40,38,28.69,62.79,7.26,610.36,Maharashtra,Kharif,rainfed,low,tur
40,39,35,27.9,54.51,6.98,663.56,Maharashtra,Kharif,rainfed,low,tur
31,40,39,25.9,54.92,6.8,699.62,Maharashtra,Kharif,rainfed,low,tur
35,43,36,27.34,57.93,6.68,565.86,Maharashtra,Kharif,rainfed,low,tur
30,44,33,27.03,55.78,7.86,594.97,Maharashtra,Kharif,rainfed,low,tur
32,45,33,25.92,63.23,6.55,766.14,Maharashtra,Kharif,rainfed,low,tur
33,39,27,25.46,59.79,7.63,665.53,Maharashtra,Kharif,rainfed,low,tur
33,42,42,26.41,66.26,6.87,603.09,Maharashtra,Kharif,rainfed,low,tur
31,40,35,23.9,60.59,6.8,601.74,Maharashtra,Kharif,rainfed,low,tur
26,38,30,26.43,53.45,7.03,597.22,Maharashtra,Kharif,rainfed,low,tur
24,37,29,27.05,57.75,6.52,590.78,Maharashtra,Kharif,rainfed,low,tur
24,46,38,28.89,57.64,7.43,677.13,Maharashtra,Kharif,rainfed,low,tur
28,37,32,27.14,61.45,7.0,626.77,Maharashtra,Kharif,rainfed,low,tur
38,39,32,26.71,59.55,6.55,583.13,Maharashtra,Kharif,rainfed,low,tur
43,32,34,27.46,64.05,7.12,776.06,Maharashtra,Kharif,rainfed,low,tur
33,47,37,29.06,60.1,7.13,625.39,Maharashtra,Kharif,rainfed,low,tur
32,41,24,26.81,63.56,6.55,584.24,Maharashtra,Kharif,rainfed,low,tur
37,47,30,27.23,59.69,7.39,614.44,Maharashtra,Kharif,rainfed,low,tur
30,47,28,26.34,60.53,7.51,570.44,Maharashtra,Kharif,rainfed,low,tur
28,43,36,27.28,59.53,7.04,549.52,Maharashtra,Kharif,rainfed,low,tur
32,47,27,25.95,58.41,6.89,772.76,Maharashtra,Kharif,rainfed,low,tur
27,34,36,26.14,63.15,6.93,680.6,Maharashtra,Kharif,rainfed,low,tur
24,42,33,26.66,55.07,7.07,698.27,Maharashtra,Kharif,rainfed,low,tur
29,37,36,29.28,63.76,7.08,633.78,Maharashtra,Kharif,rainfed,low,tur
31,33,32,28.49,60.16,6.79,602.13,Maharashtra,Kharif,rainfed,low,tur
31,34,29,29.04,55.86,6.73,669.42,Maharashtra,Kharif,rainfed,low,tur
30,40,36,24.94,63.02,6.81,630.93,Maharashtra,Kharif,rainfed,low,tur
40,33,35,28.5,57.27,6.78,625.42,Maharashtra,Kharif,rainfed,low,tur
28,40,36,26.52,63.71,7.47,678.74,Maharashtra,Kharif,rainfed,low,tur
34,37,22,27.78,63.19,7.08,710.65,Maharashtra,Kharif,rainfed,low,tur
29,43,39,27.89,65.37,7.45,568.57,Maharashtra,Kharif,rainfed,low,tur
35,37,28,26.62,67.02,6.82,532.79,Maharashtra,Kharif,rainfed,low,tur
25,42,29,24.28,54.38,7.06,701.97,Maharashtra,Kharif,rainfed,low,tur
29,43,36,25.96,59.52,6.8,685.93,Maharashtra,Kharif,rainfed,low,tur
29,34,33,28.48,62.04,7.34,711.27,Maharashtra,Kharif,rainfed,low,tur
32,37,29,24.88,64.76,6.89,536.35,Maharashtra,Kharif,rainfed,low,tur
37,40,37,26.65,56.83,7.15,685.24,Maharashtra,Kharif,rainfed,low,tur
30,47,36,27.75,55.56,6.58,729.93,Maharashtra,Kharif,rainfed,low,tur
22,40,33,26.35,59.86,7.14,610.85,Maharashtra,Kharif,rainfed,low,tur
35,43,32,25.9,59.64,7.7,599.5,Maharashtra,Kharif,rainfed,low,tur
38,31,29,26.28,63.8,7.02,737.34,Maharashtra,Kharif,rainfed,low,tur
30,40,31,29.7,55.52,6.83,584.8,Maharashtra,Kharif,rainfed,low,tur
34,34,40,27.11,61.65,7.15,648.66,Maharashtra,Kharif,rainfed,low,tur
32,40,35,25.9,56.03,7.27,649.87,Maharashtra,Kharif,rainfed,low,tur
22,38,39,26.79,57.88,6.5,612.14,Maharashtra,Kharif,rainfed,low,tur
26,42,33,26.52,56.95,7.51,602.98,Maharashtra,Kharif,rainfed,low,tur
28,39,32,27.64,63.72,7.29,811.99,Maharashtra,Kharif,rainfed,low,tur
24,41,30,29.68,60.7,6.32,678.95,Maharashtra,Kharif,rainfed,low,tur
33,44,29,27.44,58.92,6.78,672.85,Maharashtra,Kharif,rainfed,low,tur
32,45,33,27.81,55.17,7.46,598.19,Maharashtra,Kharif,rainfed,low,tur
36,41,33,28.01,51.44,6.81,699.74,Maharashtra,Kharif,rainfed,low,tur
40,40,22,26.58,59.76,7.37,653.22,Maharashtra,Kharif,rainfed,low,tur
26,45,35,26.07,62.88,6.82,630.12,Maharashtra,Kharif,rainfed,low,tur
29,38,36,24.62,64.42,7.06,623.99,Maharashtra,Kharif,rainfed,low,tur
32,35,26,25.83,52.42,6.55,541.82,Maharashtra,Kharif,rainfed,low,tur
37,34,32,28.49,63.4,6.9,630.63,Maharashtra,Kharif,rainfed,low,tur
32,51,34,27.89,69.07,7.09,726.52,Maharashtra,Kharif,rainfed,low,tur
34,42,28,25.49,57.95,7.29,705.63,Maharashtra,Kharif,rainfed,low,tur
37,40,35,27.72,59.57,6.89,551.0,Maharashtra,Kharif,rainfed,low,tur
31,39,37,28.64,60.58,7.69,662.67,Maharashtra,Kharif,rainfed,low,tur
36,39,28,26.43,65.9,6.91,618.9,Maharashtra,Kharif,rainfed,low,tur
31,38,37,29.51,60.02,7.18,714.79,Maharashtra,Kharif,rainfed,low,tur
32,36,31,27.55,61.58,6.4,620.89,Maharashtra,Kharif,rainfed,low,tur
28,44,30,26.39,58.02,7.26,714.59,Maharashtra,Kharif,rainfed,low,tur
34,46,38,24.59,62.37,6.88,566.22,Maharashtra,Kharif,rainfed,low,tur
30,44,39,25.21,62.47,7.66,772.05,Maharashtra,Kharif,rainfed,low,tur
18,51,37,23.92,56.94,7.42,674.02,Maharashtra,Kharif,rainfed,low,tur
29,40,35,26.23,59.49,7.3,603.28,Maharashtra,Kharif,rainfed,low,tur
25,37,29,26.19,53.09,7.08,707.84,Maharashtra,Kharif,rainfed,low,tur
28,37,32,25.78,63.94,6.7,614.94,Maharashtra,Kharif,rainfed,low,tur
28,45,32,29.66,61.42,7.39,628.38,Maharashtra,Kharif,rainfed,low,tur
27,40,30,24.34,64.05,7.01,603.31,Maharashtra,Kharif,rainfed,low,tur
33,40,38,27.58,59.37,7.23,647.6,Maharashtra,Kharif,rainfed,low,tur
32,46,28,25.85,58.32,6.91,727.1,Maharashtra,Kharif,rainfed,low,tur
25,40,30,29.27,63.54,7.08,714.59,Maharashtra,Kharif,rainfed,low,tur
26,50,29,28.68,62.21,7.09,731.01,Maharashtra,Kharif,rainfed,low,tur
36,41,31,27.16,59.59,7.12,718.04,Maharashtra,Kharif,rainfed,low,tur
34,41,30,27.43,53.22,6.73,690.42,Maharashtra,Kharif,rainfed,low,tur
35,40,33,27.49,62.73,6.93,584.47,Maharashtra,Kharif,rainfed,low,tur
33,50,29,26.83,58.46,7.8,585.95,Maharashtra,Kharif,rainfed,low,tur
31,38,27,25.26,62.27,7.24,612.7,Maharashtra,Kharif,rainfed,low,tur
38,29,27,25.9,59.96,6.85,636.6,Maharashtra,Kharif,rainfed,low,tur
34,47,36,27.07,59.68,7.37,775.62,Maharashtra,Kharif,rainfed,low,tur
34,38,34,27.77,57.78,7.29,667.6,Maharashtra,Kharif,rainfed,low,tur
37,35,25,26.48,60.09,6.4,609.44,Maharashtra,Kharif,rainfed,low,tur
37,43,33,25.59,65.0,6.86,656.33,Maharashtra,Kharif,rainfed,low,tur
33,41,39,27.77,61.35,6.97,678.79,Maharashtra,Kharif,rainfed,low,tur
31,41,31,26.33,56.34,6.91,627.55,Maharashtra,Kharif,rainfed,low,tur
40,45,32,26.44,62.46,7.65,703.1,Maharashtra,Kharif,rainfed,low,tur
24,44,37,29.93,59.01,7.05,680.02,Maharashtra,Kharif,rainfed,low,tur
28,36,34,24.94,54.73,7.27,683.19,Maharashtra,Kharif,rainfed,low,tur
37,42,33,28.72,58.31,6.89,645.7,Maharashtra,Kharif,rainfed,low,tur
34,40,26,26.64,59.87,7.04,620.04,Maharashtra,Kharif,rainfed,low,tur
34,32,34,29.39,57.57,7.02,633.53,Maharashtra,Kharif,rainfed,low,tur
30,35,41,27.51,57.32,6.74,654.1,Maharashtra,Kharif,rainfed,low,tur
22,45,30,27.52,61.74,7.32,682.84,Maharashtra,Kharif,rainfed,low,tur
35,45,31,29.87,61.41,6.99,593.93,Maharashtra,Kharif,rainfed,low,tur
31,42,33,29.44,58.44,7.23,574.96,Maharashtra,Kharif,rainfed,low,tur
41,34,41,26.82,51.06,7.45,655.49,Maharashtra,Kharif,rainfed,low,tur
29,43,35,27.55,64.54,7.08,693.31,Maharashtra,Kharif,rainfed,low,tur
29,44,30,25.5,59.17,6.91,711.85,Maharashtra,Kharif,rainfed,low,tur
25,45,30,23.71,55.17,6.9,679.62,Maharashtra,Kharif,rainfed,low,tur
31,34,29,25.41,61.04,6.97,690.92,Maharashtra,Kharif,rainfed,low,tur
24,37,41,27.85,58.82,6.67,723.85,Maharashtra,Kharif,rainfed,low,tur
38,34,28,27.37,61.49,7.16,772.89,Maharashtra,Kharif,rainfed,low,tur
27,40,36,27.95,57.41,6.8,619.39,Maharashtra,Kharif,rainfed,low,tur
39,35,31,28.03,55.64,7.09,523.36,Maharashtra,Kharif,rainfed,low,tur
32,40,33,25.84,60.91,6.99,736.61,Maharashtra,Kharif,rainfed,low,tur
34,33,29,26.18,60.72,6.94,638.45,Maharashtra,Kharif,rainfed,low,tur
44,37,38,26.8,51.29,7.06,724.62,Maharashtra,Kharif,rainfed,low,tur
34,41,33,26.34,63.58,6.86,607.31,Maharashtra,Kharif,rainfed,low,tur
33,38,38,27.62,56.89,6.62,611.76,Maharashtra,Kharif,rainfed,low,tur
42,39,36,25.26,55.67,6.94,763.41,Maharashtra,Kharif,rainfed,low,tur
26,37,36,29.12,61.75,7.23,590.21,Maharashtra,Kharif,rainfed,low,tur
26,34,29,27.3,55.12,7.08,628.99,Maharashtra,Kharif,rainfed,low,tur
29,44,29,28.91,63.32,6.67,730.15,Maharashtra,Kharif,rainfed,low,tur
27,46,34,24.89,54.82,6.87,707.85,Maharashtra,Kharif,rainfed,low,tur
31,39,33,24.34,63.3,7.45,702.62,Maharashtra,Kharif,rainfed,low,tur
30,36,28,25.49,69.06,6.97,710.31,Maharashtra,Kharif,rainfed,low,tur
35,41,29,27.69,55.67,7.2,580.87,Maharashtra,Kharif,rainfed,low,tur
30,38,38,23.75,69.32,6.73,641.78,Maharashtra,Kharif,rainfed,low,tur
33,42,36,27.81,68.15,7.24,642.18,Maharashtra,Kharif,rainfed,low,tur
29,37,38,29.34,64.02,6.0,500.19,Maharashtra,Kharif,rainfed,low,tur
31,39,33,28.67,64.81,7.06,548.41,Maharashtra,Kharif,rainfed,low,tur
26,40,34,25.38,62.64,6.42,472.46,Maharashtra,Kharif,rainfed,low,tur
28,47,39,24.87,53.93,7.25,620.62,Maharashtra,Kharif,rainfed,low,tur
38,44,36,25.9,61.78,7.67,659.48,Maharashtra,Kharif,rainfed,low,tur
31,38,26,25.53,56.43,6.45,547.1,Maharashtra,Kharif,rainfed,low,tur
20,36,35,26.58,58.75,7.26,762.6,Maharashtra,Kharif,rainfed,low,tur
42,41,31,26.45,62.36,6.95,639.82,Maharashtra,Kharif,rainfed,low,tur
31,35,23,26.11,65.83,7.47,712.65,Maharashtra,Kharif,rainfed,low,tur
29,36,39,25.56,60.16,7.56,658.26,Maharashtra,Kharif,rainfed,low,tur
30,46,33,27.26,66.06,6.15,673.92,Maharashtra,Kharif,rainfed,low,tur
28,39,33,26.1,60.91,7.13,663.56,Maharashtra,Kharif,rainfed,low,tur
32,39,32,27.11,56.23,7.42,643.93,Maharashtra,Kharif,rainfed,low,tur
30,42,32,28.66,63.58,7.03,712.59,Maharashtra,Kharif,rainfed,low,tur
33,34,36,24.47,48.0,7.23,679.57,Maharashtra,Kharif,rainfed,low,tur
33,47,32,26.5,63.19,6.76,634.13,Maharashtra,Kharif,rainfed,low,tur
33,42,31,26.35,55.52,6.74,771.27,Maharashtra,Kharif,rainfed,low,tur
30,41,26,30.42,56.55,6.61,645.92,Maharashtra,Kharif,rainfed,low,tur
27,42,26,28.52,63.76,6.96,539.63,Maharashtra,Kharif,rainfed,low,tur
28,40,27,25.6,64.2,7.05,658.22,Maharashtra,Kharif,rainfed,low,tur
34,39,32,27.61,63.24,7.17,747.36,Maharashtra,Kharif,rainfed,low,tur
32,33,37,26.67,56.93,7.24,674.72,Maharashtra,Kharif,rainfed,low,tur
26,43,40,27.43,58.98,6.44,786.75,Maharashtra,Kharif,rainfed,low,tur
29,33,33,28.34,64.94,6.78,643.43,Maharashtra,Kharif,rainfed,low,tur
32,45,35,27.36,63.66,6.55,678.06,Maharashtra,Kharif,rainfed,low,tur
32,40,31,27.18,57.72,7.91,740.6,Maharashtra,Kharif,rainfed,low,tur
36,37,29,26.72,60.46,6.52,682.0,Maharashtra,Kharif,rainfed,low,tur
36,29,29,28.64,61.5,6.71,699.02,Maharashtra,Kharif,rainfed,low,tur
29,39,28,27.02,64.07,6.84,693.03,Maharashtra,Kharif,rainfed,low,tur
31,45,31,29.07,62.73,7.08,668.7,Maharashtra,Kharif,rainfed,low,tur
29,37,34,25.4,57.59,6.69,688.12,Maharashtra,Kharif,rainfed,low,tur
34,46,31,25.92,54.12,7.09,743.12,Maharashtra,Kharif,rainfed,low,tur
31,40,32,27.34,63.99,7.64,683.22,Maharashtra,Kharif,rainfed,low,tur
34,39,32,26.84,58.54,7.04,691.66,Maharashtra,Kharif,rainfed,low,tur
32,39,33,25.72,63.21,6.86,573.0,Maharashtra,Kharif,rainfed,low,tur
34,43,29,27.83,62.54,7.66,634.33,Maharashtra,Kharif,rainfed,low,tur
31,37,35,26.99,63.95,6.86,681.46,Maharashtra,Kharif,rainfed,low,tur
30,31,35,24.67,59.36,6.95,649.44,Maharashtra,Kharif,rainfed,low,tur
32,40,34,26.86,70.46,6.89,568.49,Maharashtra,Kharif,rainfed,low,tur
25,43,26,25.39,54.58,7.15,738.71,Maharashtra,Kharif,rainfed,low,tur
27,42,22,26.01,62.41,6.9,716.27,Maharashtra,Kharif,rainfed,low,tur
21,36,34,27.59,62.07,7.07,573.73,Maharashtra,Kharif,rainfed,low,tur
28,52,27,25.11,62.72,6.65,769.48,Maharashtra,Kharif,rainfed,low,tur
44,39,34,24.57,64.13,6.25,560.7,Maharashtra,Kharif,rainfed,low,tur
32,43,26,26.28,53.35,6.89,596.62,Maharashtra,Kharif,rainfed,low,tur
29,43,34,27.75,59.48,7.24,647.66,Maharashtra,Kharif,rainfed,low,tur
29,43,31,26.56,64.27,7.32,630.19,Maharashtra,Kharif,rainfed,low,tur
35,34,31,26.0,59.99,7.24,687.05,Maharashtra,Kharif,rainfed,low,tur
33,41,32,28.6,53.81,6.78,677.42,Maharashtra,Kharif,rainfed,low,tur
38,38,31,25.28,57.83,7.24,755.29,Maharashtra,Kharif,rainfed,low,tur
30,36,33,24.85,64.94,6.59,670.92,Maharashtra,Kharif,rainfed,low,tur
33,43,34,27.0,61.71,7.28,769.76,Maharashtra,Kharif,rainfed,low,tur
27,31,26,24.58,55.2,6.56,622.24,Maharashtra,Kharif,rainfed,low,tur
35,43,30,26.29,68.04,7.2,661.51,Maharashtra,Kharif,rainfed,low,tur
32,39,41,26.75,60.6,6.45,607.58,Maharashtra,Kharif,rainfed,low,tur
29,42,29,27.06,57.57,6.63,573.91,Maharashtra,Kharif,rainfed,low,tur
31,41,32,25.89,59.45,6.89,580.54,Maharashtra,Kharif,rainfed,low,tur
32,49,32,25.05,65.87,7.42,745.5,Maharashtra,Kharif,rainfed,low,tur
31,36,29,28.52,66.42,6.69,481.99,Maharashtra,Kharif,rainfed,low,tur
31,35,30,26.68,61.64,6.74,659.07,Maharashtra,Kharif,rainfed,low,tur
31,28,35,26.4,54.94,6.76,663.53,Maharashtra,Kharif,rainfed,low,tur
32,43,34,25.44,48.18,7.04,692.06,Maharashtra,Kharif,rainfed,low,tur
31,43,28,26.54,56.32,7.23,589.31,Maharashtra,Kharif,rainfed,low,tur
41,37,36,26.35,65.35,7.43,628.42,Maharashtra,Kharif,rainfed,low,tur
33,46,34,25.77,60.28,6.75,660.07,Maharashtra,Kharif,rainfed,low,tur
28,42,25,25.5,56.83,6.95,549.19,Maharashtra,Kharif,rainfed,low,tur
28,44,36,23.62,57.65,7.42,675.74,Maharashtra,Kharif,rainfed,low,tur
33,43,29,27.29,61.89,7.04,623.76,Maharashtra,Kharif,rainfed,low,tur
31,34,35,25.09,56.73,7.23,669.35,Maharashtra,Kharif,rainfed,low,tur
29,31,32,26.16,61.92,6.83,533.29,Maharashtra,Kharif,rainfed,low,tur
25,38,33,25.45,56.97,7.26,723.98,Maharashtra,Kharif,rainfed,low,tur
33,39,30,27.72,58.73,7.31,714.85,Maharashtra,Kharif,rainfed,low,tur
33,38,31,24.81,59.79,6.97,558.16,Maharashtra,Kharif,rainfed,low,tur
42,43,29,29.74,58.02,7.28,655.84,Maharashtra,Kharif,rainfed,low,tur
29,38,38,28.17,59.51,6.32,670.3,Maharashtra,Kharif,rainfed,low,tur
26,43,30,26.19,57.45,7.34,532.25,Maharashtra,Kharif,rainfed,low,tur
35,42,32,26.4,61.95,6.85,620.06,Maharashtra,Kharif,rainfed,low,tur
32,49,26,27.67,59.43,6.93,548.2,Maharashtra,Kharif,rainfed,low,tur
24,42,27,28.36,55.94,7.18,611.6,Maharashtra,Kharif,rainfed,low,tur
29,35,34,27.95,58.74,7.2,650.84,Maharashtra,Kharif,rainfed,low,tur
25,42,31,23.51,58.44,6.44,567.9,Maharashtra,Kharif,rainfed,low,tur
30,40,29,27.7,59.54,6.86,652.89,Maharashtra,Kharif,rainfed,low,tur
37,29,38,26.18,56.88,6.87,590.89,Maharashtra,Kharif,rainfed,low,tur
27,44,33,24.44,62.7,7.18,551.03,Maharashtra,Kharif,rainfed,low,tur
32,43,26,27.38,57.3,7.18,587.76,Maharashtra,Kharif,rainfed,low,tur
36,39,30,26.04,63.5,6.76,720.7,Maharashtra,Kharif,rainfed,low,tur
32,33,33,27.06,54.33,7.0,686.15,Maharashtra,Kharif,rainfed,low,tur
37,45,42,27.0,62.22,6.8,775.62,Maharashtra,Kharif,rainfed,low,tur
27,49,40,25.95,64.15,7.15,622.53,Maharashtra,Kharif,rainfed,low,tur
31,41,34,28.99,62.28,6.74,699.57,Maharashtra,Kharif,rainfed,low,tur
24,38,31,27.88,67.08,7.07,625.91,Maharashtra,Kharif,rainfed,low,tur
28,44,32,26.33,63.81,7.39,586.04,Maharashtra,Kharif,rainfed,low,tur
25,40,28,25.3,55.84,7.35,693.36,Maharashtra,Kharif,rainfed,low,tur
43,37,38,27.66,57.77,6.95,612.59,Maharashtra,Kharif,rainfed,low,tur
33,45,31,28.13,65.08,7.5,571.8,Maharashtra,Kharif,rainfed,low,tur
31,44,28,25.25,59.89,6.86,638.51,Maharashtra,Kharif,rainfed,low,tur
29,51,31,27.78,62.07,6.44,747.74,Maharashtra,Kharif,rainfed,low,tur
34,41,37,26.94,63.53,6.37,704.5,Maharashtra,Kharif,rainfed,low,tur
32,41,29,26.71,59.01,6.62,673.89,Maharashtra,Kharif,rainfed,low,tur
39,33,35,26.44,57.86,7.02,655.99,Maharashtra,Kharif,rainfed,low,tur
32,34,37,27.11,62.38,7.4,521.93,Maharashtra,Kharif,rainfed,low,tur
34,39,37,25.93,63.74,6.65,676.81,Maharashtra,Kharif,rainfed,low,tur
33,39,28,26.51,63.69,7.5,780.28,Maharashtra,Kharif,rainfed,low,tur
34,41,34,29.57,62.08,7.03,631.65,Maharashtra,Kharif,rainfed,low,tur
31,42,29,26.16,59.74,6.85,689.77,Maharashtra,Kharif,rainfed,low,tur
35,41,35,27.16,48.0,6.71,697.16,Maharashtra,Kharif,rainfed,low,tur
28,44,36,26.65,57.64,7.0,647.07,Maharashtra,Kharif,rainfed,low,tur
34,28,29,25.65,49.93,6.84,550.03,Maharashtra,Kharif,rainfed,low,tur
30,38,34,26.67,53.23,7.12,811.33,Maharashtra,Kharif,rainfed,low,tur
36,43,32,26.35,57.76,7.08,574.27,Maharashtra,Kharif,rainfed,low,tur
32,37,25,26.1,65.0,7.05,450.0,Maharashtra,Kharif,rainfed,low,tur
28,45,31,27.7,58.42,7.06,652.35,Maharashtra,Kharif,rainfed,low,tur
29,43,39,27.51,60.42,6.72,712.55,Maharashtra,Kharif,rainfed,low,tur
29,43,36,28.32,64.02,7.32,566.25,Maharashtra,Kharif,rainfed,low,tur
28,33,27,29.03,56.06,6.62,646.28,Maharashtra,Kharif,rainfed,low,tur
28,51,31,27.59,56.88,6.45,601.42,Maharashtra,Kharif,rainfed,low,tur
28,36,26,27.18,58.65,6.49,657.08,Maharashtra,Kharif,rainfed,low,tur
35,46,22,26.03,54.52,6.78,742.57,Maharashtra,Kharif,rainfed,low,tur
28,38,29,29.17,50.8,6.81,592.29,Maharashtra,Kharif,rainfed,low,tur
24,46,25,26.39,59.69,6.75,534.38,Maharashtra,Kharif,rainfed,low,tur
31,36,36,27.69,67.78,7.04,689.28,Maharashtra,Kharif,rainfed,low,tur
30,49,33,26.86,62.16,6.79,616.69,Maharashtra,Kharif,rainfed,low,tur
34,44,35,26.89,61.08,7.32,577.07,Maharashtra,Kharif,rainfed,low,tur
32,25,36,25.96,56.98,6.96,691.27,Maharashtra,Kharif,rainfed,low,tur
42,32,29,27.3,57.09,7.28,638.81,Maharashtra,Kharif,rainfed,low,tur
35,39,35,25.72,67.75,6.43,602.82,Maharashtra,Kharif,rainfed,low,tur
115,49,116,24.44,72.82,6.49,1011.33,Maharashtra,Kharif,borewell,medium,turmeric
125,59,87,28.25,75.27,6.53,1002.32,Maharashtra,Kharif,borewell,medium,turmeric
98,50,113,26.84,76.33,6.66,1046.15,Maharashtra,Kharif,borewell,medium,turmeric
117,55,98,24.74,77.01,5.96,1069.33,Maharashtra,Kharif,borewell,medium,turmeric
121,51,112,26.52,81.55,7.02,1033.06,Maharashtra,Kharif,borewell,medium,turmeric
113,57,99,24.98,77.02,6.91,1075.02,Maharashtra,Kharif,borewell,medium,turmeric
129,53,110,26.8,75.71,6.76,999.61,Maharashtra,Kharif,borewell,medium,turmeric
116,50,100,25.63,77.97,6.78,1150.93,Maharashtra,Kharif,borewell,medium,turmeric
126,53,88,29.23,75.64,6.42,1126.42,Maharashtra,Kharif,borewell,medium,turmeric
109,55,101,25.66,78.17,6.28,987.65,Maharashtra,Kharif,borewell,medium,turmeric
130,52,130,26.12,74.01,6.46,806.55,Maharashtra,Kharif,borewell,medium,turmeric
131,62,112,24.88,75.09,6.8,947.91,Maharashtra,Kharif,borewell,medium,turmeric
111,47,121,25.38,80.77,6.75,915.13,Maharashtra,Kharif,borewell,medium,turmeric
120,47,117,24.79,79.22,6.47,907.51,Maharashtra,Kharif,borewell,medium,turmeric
131,49,90,26.57,75.64,6.64,1085.61,Maharashtra,Kharif,borewell,medium,turmeric
124,58,94,27.6,77.01,6.22,754.54,Maharashtra,Kharif,borewell,medium,turmeric
117,48,99,26.45,83.73,6.36,1009.2,Maharashtra,Kharif,borewell,medium,turmeric
114,47,97,28.19,78.04,6.55,931.47,Maharashtra,Kharif,borewell,medium,turmeric
121,49,121,26.34,78.46,6.63,1130.78,Maharashtra,Kharif,borewell,medium,turmeric
120,50,106,27.06,81.94,6.66,1022.94,Maharashtra,Kharif,borewell,medium,turmeric
130,37,106,25.22,78.19,6.69,1124.5,Maharashtra,Kharif,borewell,medium,turmeric
106,48,98,25.19,73.43,7.17,1087.07,Maharashtra,Kharif,borewell,medium,turmeric
112,53,101,26.21,75.44,6.19,942.78,Maharashtra,Kharif,borewell,medium,turmeric
134,44,114,26.75,76.67,6.8,1020.86,Maharashtra,Kharif,borewell,medium,turmeric
99,50,102,27.93,76.66,6.54,883.88,Maharashtra,Kharif,borewell,medium,turmeric
119,46,114,25.44,74.03,6.93,869.4,Maharashtra,Kharif,borewell,medium,turmeric
123,44,107,27.42,75.84,6.29,885.13,Maharashtra,Kharif,borewell,medium,turmeric
119,64,114,27.56,74.43,6.89,1098.71,Maharashtra,Kharif,borewell,medium,turmeric
123,49,113,25.1,80.19,6.5,901.45,Maharashtra,Kharif,borewell,medium,turmeric
116,64,95,27.32,80.8,6.55,944.79,Maharashtra,Kharif,borewell,medium,turmeric
108,60,95,22.28,79.03,6.24,989.03,Maharashtra,Kharif,borewell,medium,turmeric
107,49,106,26.36,82.46,6.6,1010.72,Maharashtra,Kharif,borewell,medium,turmeric
118,58,96,25.42,78.0,6.36,1139.58,Maharashtra,Kharif,borewell,medium,turmeric
123,45,108,27.75,75.6,6.96,1025.69,Maharashtra,Kharif,borewell,medium,turmeric
122,59,107,26.52,78.31,6.13,1041.15,Maharashtra,Kharif,borewell,medium,turmeric
123,50,84,26.83,75.13,6.3,877.81,Maharashtra,Kharif,borewell,medium,turmeric
100,55,125,25.23,80.74,6.58,1027.57,Maharashtra,Kharif,borewell,medium,turmeric
119,57,95,26.13,81.78,6.79,1032.63,Maharashtra,Kharif,borewell,medium,turmeric
121,50,102,23.93,79.68,6.96,1029.4,Maharashtra,Kharif,borewell,medium,turmeric
120,56,87,25.32,77.75,6.14,1016.05,Maharashtra,Kharif,borewell,medium,turmeric
101,57,107,25.75,80.54,6.64,1047.54,Maharashtra,Kharif,borewell,medium,turmeric
123,47,118,27.66,79.43,6.64,1075.03,Maharashtra,Kharif,borewell,medium,turmeric
133,64,100,27.39,77.71,6.17,1083.81,Maharashtra,Kharif,borewell,medium,turmeric
135,58,104,26.52,80.33,6.75,1123.01,Maharashtra,Kharif,borewell,medium,turmeric
129,49,105,25.33,78.54,6.1,1192.83,Maharashtra,Kharif,borewell,medium,turmeric
112,50,106,24.16,76.88,6.64,1164.87,Maharashtra,Kharif,borewell,medium,turmeric
121,50,96,28.85,78.26,6.62,862.85,Maharashtra,Kharif,borewell,medium,turmeric
125,49,117,26.62,78.42,6.25,990.18,Maharashtra,Kharif,borewell,medium,turmeric
118,53,89,24.79,76.35,6.73,806.96,Maharashtra,Kharif,borewell,medium,turmeric
134,60,97,29.29,78.79,6.57,1059.41,Maharashtra,Kharif,borewell,medium,turmeric
124,53,96,25.42,79.19,6.82,1143.96,Maharashtra,Kharif,borewell,medium,turmeric
115,53,99,27.46,76.96,6.44,1006.2,Maharashtra,Kharif,borewell,medium,turmeric
103,56,102,29.69,75.94,6.53,1101.72,Maharashtra,Kharif,borewell,medium,turmeric
128,59,103,24.47,86.89,6.74,1022.57,Maharashtra,Kharif,borewell,medium,turmeric
128,45,101,24.61,78.56,6.23,1067.38,Maharashtra,Kharif,borewell,medium,turmeric
132,59,109,26.26,76.61,6.72,989.02,Maharashtra,Kharif,borewell,medium,turmeric
101,49,112,24.5,74.18,6.55,783.11,Maharashtra,Kharif,borewell,medium,turmeric
127,56,113,26.29,75.16,6.27,1055.1,Maharashtra,Kharif,borewell,medium,turmeric
127,46,95,25.97,78.46,6.85,1066.24,Maharashtra,Kharif,borewell,medium,turmeric
119,59,102,25.59,80.83,6.86,1098.37,Maharashtra,Kharif,borewell,medium,turmeric
118,53,98,27.2,76.03,6.07,955.89,Maharashtra,Kharif,borewell,medium,turmeric
111,37,100,27.04,79.38,6.71,1142.57,Maharashtra,Kharif,borewell,medium,turmeric
114,46,109,26.48,73.78,6.55,1053.85,Maharashtra,Kharif,borewell,medium,turmeric
123,57,99,24.11,74.96,6.83,1103.57,Maharashtra,Kharif,borewell,medium,turmeric
118,61,104,25.32,73.3,6.58,1106.05,Maharashtra,Kharif,borewell,medium,turmeric
133,59,109,28.13,74.77,6.92,1028.12,Maharashtra,Kharif,borewell,medium,turmeric
122,44,108,27.54,70.9,6.81,771.49,Maharashtra,Kharif,borewell,medium,turmeric
106,52,118,25.83,79.57,6.36,980.57,Maharashtra,Kharif,borewell,medium,turmeric
119,62,99,25.12,81.59,6.53,1011.32,Maharashtra,Kharif,borewell,medium,turmeric
124,49,88,27.43,78.39,6.26,1077.81,Maharashtra,Kharif,borewell,medium,turmeric
140,59,122,24.36,78.83,6.69,988.32,Maharashtra,Kharif,borewell,medium,turmeric
117,35,119,23.84,81.01,6.6,996.95,Maharashtra,Kharif,borewell,medium,turmeric
118,54,110,27.27,77.58,6.28,876.02,Maharashtra,Kharif,borewell,medium,turmeric
130,51,96,25.01,77.69,6.26,996.89,Maharashtra,Kharif,borewell,medium,turmeric
133,52,90,27.16,81.7,6.91,1005.9,Maharashtra,Kharif,borewell,medium,turmeric
143,57,130,27.8,82.0,6.43,905.2,Maharashtra,Kharif,borewell,medium,turmeric
121,51,101,25.83,77.34,6.43,1065.72,Maharashtra,Kharif,borewell,medium,turmeric
112,52,95,26.13,78.67,6.34,1007.05,Maharashtra,Kharif,borewell,medium,turmeric
119,50,101,26.6,78.09,6.86,896.36,Maharashtra,Kharif,borewell,medium,turmeric
118,49,106,26.36,74.06,6.76,1216.28,Maharashtra,Kharif,borewell,medium,turmeric
122,47,103,25.57,75.78,6.79,817.68,Maharashtra,Kharif,borewell,medium,turmeric
123,60,115,27.37,75.8,6.99,1036.66,Maharashtra,Kharif,borewell,medium,turmeric
134,59,108,25.67,85.88,6.13,982.65,Maharashtra,Kharif,borewell,medium,turmeric
106,53,108,25.14,76.11,6.25,1045.19,Maharashtra,Kharif,borewell,medium,turmeric
115,55,101,26.33,80.47,6.73,1021.06,Maharashtra,Kharif,borewell,medium,turmeric
119,55,100,25.74,79.16,7.01,938.8,Maharashtra,Kharif,borewell,medium,turmeric
111,54,115,27.08,78.07,6.93,818.98,Maharashtra,Kharif,borewell,medium,turmeric
130,51,110,27.34,78.65,6.62,960.85,Maharashtra,Kharif,borewell,medium,turmeric
137,55,107,28.01,76.32,6.53,1093.74,Maharashtra,Kharif,borewell,medium,turmeric
138,53,108,23.88,82.27,6.31,946.06,Maharashtra,Kharif,borewell,medium,turmeric
122,49,89,24.35,78.33,7.0,1141.58,Maharashtra,Kharif,borewell,medium,turmeric
124,53,112,27.77,78.39,6.64,1020.35,Maharashtra,Kharif,borewell,medium,turmeric
130,45,105,26.53,71.69,6.84,1107.62,Maharashtra,Kharif,borewell,medium,turmeric
101,50,102,24.81,75.5,6.46,1060.99,Maharashtra,Kharif,borewell,medium,turmeric
132,56,97,27.05,80.01,5.82,1123.99,Maharashtra,Kharif,borewell,medium,turmeric
121,53,90,28.15,79.12,6.81,867.62,Maharashtra,Kharif,borewell,medium,turmeric
125,56,104,24.28,77.8,6.35,930.18,Maharashtra,Kharif,borewell,medium,turmeric
132,53,104,24.43,77.85,6.56,901.84,Maharashtra,Kharif,borewell,medium,turmeric
131,59,99,26.53,71.82,6.68,1078.13,Maharashtra,Kharif,borewell,medium,turmeric
109,53,106,29.85,86.6,6.69,933.63,Maharashtra,Kharif,borewell,medium,turmeric
122,59,91,23.21,74.18,6.8,1082.06,Maharashtra,Kharif,borewell,medium,turmeric
124,59,103,25.64,79.28,7.06,1041.11,Maharashtra,Kharif,borewell,medium,turmeric
119,55,117,25.52,76.51,6.47,1081.53,Maharashtra,Kharif,borewell,medium,turmeric
112,56,93,25.65,77.81,7.08,1097.03,Maharashtra,Kharif,borewell,medium,turmeric
116,49,99,24.5,83.39,6.4,1172.09,Maharashtra,Kharif,borewell,medium,turmeric
121,52,106,27.61,75.15,6.74,996.12,Maharashtra,Kharif,borewell,medium,turmeric
124,51,102,26.7,73.4,6.97,1010.8,Maharashtra,Kharif,borewell,medium,turmeric
115,55,99,26.11,78.28,6.94,1027.88,Maharashtra,Kharif,borewell,medium,turmeric
109,56,111,23.85,74.04,7.14,966.83,Maharashtra,Kharif,borewell,medium,turmeric
117,52,100,23.64,74.26,6.43,949.7,Maharashtra,Kharif,borewell,medium,turmeric
112,44,100,27.49,75.76,6.55,1144.38,Maharashtra,Kharif,borewell,medium,turmeric
113,70,112,26.1,77.17,6.96,930.68,Maharashtra,Kharif,borewell,medium,turmeric
116,62,102,25.38,75.79,6.08,1101.48,Maharashtra,Kharif,borewell,medium,turmeric
120,59,104,25.44,75.79,6.78,919.58,Maharashtra,Kharif,borewell,medium,turmeric
124,53,96,25.4,78.03,6.52,1189.53,Maharashtra,Kharif,borewell,medium,turmeric
122,51,102,25.69,75.97,6.38,1059.86,Maharashtra,Kharif,borewell,medium,turmeric
135,50,109,25.11,78.35,6.25,914.65,Maharashtra,Kharif,borewell,medium,turmeric
111,52,95,23.01,73.43,6.55,920.75,Maharashtra,Kharif,borewell,medium,turmeric
114,54,98,25.89,85.12,6.5,979.45,Maharashtra,Kharif,borewell,medium,turmeric
124,48,100,25.87,78.65,6.35,1055.81,Maharashtra,Kharif,borewell,medium,turmeric
135,41,108,25.88,77.01,6.69,1137.93,Maharashtra,Kharif,borewell,medium,turmeric
123,58,105,26.49,76.19,6.61,972.8,Maharashtra,Kharif,borewell,medium,turmeric
121,43,96,27.58,82.65,6.14,943.3,Maharashtra,Kharif,borewell,medium,turmeric
113,54,104,26.91,73.5,6.69,966.61,Maharashtra,Kharif,borewell,medium,turmeric
113,55,103,25.87,82.45,6.62,1194.5,Maharashtra,Kharif,borewell,medium,turmeric
97,52,96,24.76,75.81,6.85,959.33,Maharashtra,Kharif,borewell,medium,turmeric
109,56,95,28.23,73.7,6.52,1192.44,Maharashtra,Kharif,borewell,medium,turmeric
117,55,104,26.0,75.27,6.72,1132.73,Maharashtra,Kharif,borewell,medium,turmeric
101,47,100,24.82,80.14,6.44,1008.1,Maharashtra,Kharif,borewell,medium,turmeric
135,42,108,25.84,77.6,6.36,961.94,Maharashtra,Kharif,borewell,medium,turmeric
120,51,111,24.54,73.34,6.07,1014.13,Maharashtra,Kharif,borewell,medium,turmeric
128,46,94,28.52,82.26,6.96,1034.92,Maharashtra,Kharif,borewell,medium,turmeric
127,51,93,24.17,78.01,6.85,983.25,Maharashtra,Kharif,borewell,medium,turmeric
126,52,108,27.03,82.44,6.68,1193.94,Maharashtra,Kharif,borewell,medium,turmeric
118,60,110,23.56,82.71,6.36,975.11,Maharashtra,Kharif,borewell,medium,turmeric
129,48,104,26.88,75.26,6.54,964.66,Maharashtra,Kharif,borewell,medium,turmeric
130,62,96,26.1,76.25,6.61,1176.67,Maharashtra,Kharif,borewell,medium,turmeric
124,49,94,27.33,76.47,6.39,1030.4,Maharashtra,Kharif,borewell,medium,turmeric
126,50,97,27.82,80.28,6.86,964.3,Maharashtra,Kharif,borewell,medium,turmeric
112,49,92,25.55,75.75,6.58,1004.9,Maharashtra,Kharif,borewell,medium,turmeric
121,49,95,24.08,78.65,6.64,860.79,Maharashtra,Kharif,borewell,medium,turmeric
134,57,96,26.35,77.54,6.67,1017.2,Maharashtra,Kharif,borewell,medium,turmeric
127,61,107,26.71,82.88,6.46,906.69,Maharashtra,Kharif,borewell,medium,turmeric
127,45,98,28.01,72.27,6.68,855.78,Maharashtra,Kharif,borewell,medium,turmeric
124,63,97,23.2,79.19,6.43,981.59,Maharashtra,Kharif,borewell,medium,turmeric
124,56,110,25.96,79.45,6.55,967.1,Maharashtra,Kharif,borewell,medium,turmeric
120,56,100,26.29,76.47,6.4,1105.14,Maharashtra,Kharif,borewell,medium,turmeric
124,55,97,25.67,80.0,6.7,1256.46,Maharashtra,Kharif,borewell,medium,turmeric
122,49,101,24.86,75.85,6.63,953.62,Maharashtra,Kharif,borewell,medium,turmeric
133,58,112,25.66,81.05,6.87,1159.59,Maharashtra,Kharif,borewell,medium,turmeric
115,53,99,29.52,77.33,6.94,1015.66,Maharashtra,Kharif,borewell,medium,turmeric
129,52,113,26.37,83.68,6.68,927.75,Maharashtra,Kharif,borewell,medium,turmeric
125,53,97,26.51,75.94,6.54,1004.11,Maharashtra,Kharif,borewell,medium,turmeric
100,50,113,25.74,71.66,6.58,1048.3,Maharashtra,Kharif,borewell,medium,turmeric
117,51,101,26.83,75.26,6.75,973.21,Maharashtra,Kharif,borewell,medium,turmeric
133,50,96,26.83,79.64,6.71,1084.65,Maharashtra,Kharif,borewell,medium,turmeric
110,48,116,26.58,76.48,6.13,875.58,Maharashtra,Kharif,borewell,medium,turmeric
110,49,108,24.18,76.24,6.26,957.86,Maharashtra,Kharif,borewell,medium,turmeric
144,59,110,25.3,74.41,6.58,844.65,Maharashtra,Kharif,borewell,medium,turmeric
126,51,105,23.78,78.17,6.54,904.33,Maharashtra,Kharif,borewell,medium,turmeric
122,50,107,26.82,74.38,6.63,1008.82,Maharashtra,Kharif,borewell,medium,turmeric
132,57,102,25.43,78.5,6.3,902.64,Maharashtra,Kharif,borewell,medium,turmeric
115,39,97,25.56,87.19,6.43,1066.02,Maharashtra,Kharif,borewell,medium,turmeric
118,55,96,23.94,82.59,6.25,1148.36,Maharashtra,Kharif,borewell,medium,turmeric
116,48,101,28.14,75.67,6.5,1097.52,Maharashtra,Kharif,borewell,medium,turmeric
125,65,115,25.07,82.34,6.09,1077.02,Maharashtra,Kharif,borewell,medium,turmeric
113,56,121,23.77,81.08,6.82,1066.02,Maharashtra,Kharif,borewell,medium,turmeric
110,52,97,26.57,73.65,6.48,1063.01,Maharashtra,Kharif,borewell,medium,turmeric
113,50,97,26.34,77.54,6.4,936.93,Maharashtra,Kharif,borewell,medium,turmeric
122,46,105,26.04,78.52,6.46,1060.51,Maharashtra,Kharif,borewell,medium,turmeric
130,56,107,24.1,83.59,6.62,1031.18,Maharashtra,Kharif,borewell,medium,turmeric
113,51,115,27.04,76.96,7.01,899.07,Maharashtra,Kharif,borewell,medium,turmeric
103,41,112,25.07,77.53,6.89,1032.87,Maharashtra,Kharif,borewell,medium,turmeric
108,62,103,25.92,75.62,6.3,1023.04,Maharashtra,Kharif,borewell,medium,turmeric
106,52,118,27.0,78.68,6.31,993.93,Maharashtra,Kharif,borewell,medium,turmeric
112,61,101,24.95,77.27,6.39,1023.57,Maharashtra,Kharif,borewell,medium,turmeric
138,53,97,25.79,73.76,7.37,1180.09,Maharashtra,Kharif,borewell,medium,turmeric
132,57,104,25.81,77.27,7.23,980.79,Maharashtra,Kharif,borewell,medium,turmeric
114,52,109,22.0,79.31,5.92,1147.21,Maharashtra,Kharif,borewell,medium,turmeric
103,48,89,28.4,77.96,7.19,1198.79,Maharashtra,Kharif,borewell,medium,turmeric
132,44,106,27.82,79.3,6.5,1035.15,Maharashtra,Kharif,borewell,medium,turmeric
124,44,100,26.87,80.91,6.66,959.21,Maharashtra,Kharif,borewell,medium,turmeric
118,48,104,27.13,86.09,6.28,1126.68,Maharashtra,Kharif,borewell,medium,turmeric
124,43,104,25.76,77.99,6.88,1197.49,Maharashtra,Kharif,borewell,medium,turmeric
133,54,108,28.77,74.47,6.93,885.27,Maharashtra,Kharif,borewell,medium,turmeric
105,56,91,25.48,82.58,6.36,1179.68,Maharashtra,Kharif,borewell,medium,turmeric
97,59,93,25.74,78.72,6.52,974.27,Maharashtra,Kharif,borewell,medium,turmeric
105,61,95,24.36,77.68,6.41,1083.86,Maharashtra,Kharif,borewell,medium,turmeric
115,52,106,27.3,76.24,6.15,919.04,Maharashtra,Kharif,borewell,medium,turmeric
131,55,102,26.08,77.11,6.81,1033.75,Maharashtra,Kharif,borewell,medium,turmeric
117,58,115,24.77,75.0,7.24,1062.61,Maharashtra,Kharif,borewell,medium,turmeric
137,58,109,23.15,73.93,6.77,909.51,Maharashtra,Kharif,borewell,medium,turmeric
119,58,106,26.53,82.63,7.0,994.37,Maharashtra,Kharif,borewell,medium,turmeric
133,47,107,26.75,77.65,6.54,888.06,Maharashtra,Kharif,borewell,medium,turmeric
120,43,104,26.08,80.48,6.29,1033.99,Maharashtra,Kharif,borewell,medium,turmeric
126,52,109,26.36,69.33,6.35,1214.28,Maharashtra,Kharif,borewell,medium,turmeric
127,49,108,26.95,83.14,6.5,940.4,Maharashtra,Kharif,borewell,medium,turmeric
115,49,100,26.25,76.6,6.58,1187.24,Maharashtra,Kharif,borewell,medium,turmeric
110,54,96,27.24,81.73,6.37,930.41,Maharashtra,Kharif,borewell,medium,turmeric
127,51,117,24.4,81.59,7.2,1039.21,Maharashtra,Kharif,borewell,medium,turmeric
114,48,104,26.9,73.02,6.52,1013.16,Maharashtra,Kharif,borewell,medium,turmeric
136,63,104,24.52,78.47,6.65,1118.61,Maharashtra,Kharif,borewell,medium,turmeric
116,47,105,25.55,76.78,6.37,874.45,Maharashtra,Kharif,borewell,medium,turmeric
126,54,98,27.09,71.86,6.49,1021.54,Maharashtra,Kharif,borewell,medium,turmeric
131,49,114,25.13,80.74,7.05,900.01,Maharashtra,Kharif,borewell,medium,turmeric
122,56,95,26.58,76.11,6.38,957.67,Maharashtra,Kharif,borewell,medium,turmeric
115,57,105,29.08,76.21,6.73,984.93,Maharashtra,Kharif,borewell,medium,turmeric
107,62,106,24.96,79.33,6.88,915.11,Maharashtra,Kharif,borewell,medium,turmeric
121,59,106,26.74,77.12,6.18,974.82,Maharashtra,Kharif,borewell,medium,turmeric
114,52,100,26.23,76.84,6.82,1061.57,Maharashtra,Kharif,borewell,medium,turmeric
111,60,99,24.5,81.52,6.44,1009.78,Maharashtra,Kharif,borewell,medium,turmeric
107,50,104,25.48,76.29,6.61,1099.0,Maharashtra,Kharif,borewell,medium,turmeric
111,38,115,25.12,76.09,6.45,867.16,Maharashtra,Kharif,borewell,medium,turmeric
116,51,109,25.27,69.86,6.24,1111.55,Maharashtra,Kharif,borewell,medium,turmeric
112,56,99,27.08,78.33,6.21,882.91,Maharashtra,Kharif,borewell,medium,turmeric
105,58,95,25.51,77.73,6.66,953.9,Maharashtra,Kharif,borewell,medium,turmeric
104,45,96,22.47,79.44,6.73,892.82,Maharashtra,Kharif,borewell,medium,turmeric
133,52,112,27.03,77.55,6.06,1019.9,Maharashtra,Kharif,borewell,medium,turmeric
125,49,106,25.96,74.82,6.57,949.08,Maharashtra,Kharif,borewell,medium,turmeric
124,49,99,23.82,85.35,6.48,886.95,Maharashtra,Kharif,borewell,medium,turmeric
126,54,110,26.87,81.66,6.32,1014.66,Maharashtra,Kharif,borewell,medium,turmeric
104,51,111,24.81,85.44,6.6,818.97,Maharashtra,Kharif,borewell,medium,turmeric
127,65,86,26.95,74.7,6.59,869.08,Maharashtra,Kharif,borewell,medium,turmeric
129,51,115,24.63,77.31,5.98,1259.77,Maharashtra,Kharif,borewell,medium,turmeric
139,65,118,25.21,77.85,6.68,1037.45,Maharashtra,Kharif,borewell,medium,turmeric
109,46,94,25.43,76.93,6.48,1025.12,Maharashtra,Kharif,borewell,medium,turmeric
106,48,99,27.09,78.66,6.69,906.61,Maharashtra,Kharif,borewell,medium,turmeric
120,48,99,26.49,75.84,6.57,973.01,Maharashtra,Kharif,borewell,medium,turmeric
108,49,100,25.49,71.99,6.41,1091.19,Maharashtra,Kharif,borewell,medium,turmeric
124,50,95,26.13,81.23,7.0,947.6,Maharashtra,Kharif,borewell,medium,turmeric
109,55,108,26.01,75.88,6.25,1067.46,Maharashtra,Kharif,borewell,medium,turmeric
129,50,119,26.31,77.42,6.28,829.95,Maharashtra,Kharif,borewell,medium,turmeric
115,55,124,26.09,79.97,6.38,1020.87,Maharashtra,Kharif,borewell,medium,turmeric
121,47,116,25.82,81.68,6.6,966.86,Maharashtra,Kharif,borewell,medium,turmeric
112,50,117,24.8,80.22,6.52,1058.95,Maharashtra,Kharif,borewell,medium,turmeric
122,45,106,28.89,79.02,6.85,1029.72,Maharashtra,Kharif,borewell,medium,turmeric
128,48,104,27.17,76.83,6.89,899.65,Maharashtra,Kharif,borewell,medium,turmeric
121,51,127,25.48,79.4,6.07,883.22,Maharashtra,Kharif,borewell,medium,turmeric
123,51,103,25.57,77.38,6.14,991.32,Maharashtra,Kharif,borewell,medium,turmeric
118,59,112,22.23,75.55,7.08,1090.59,Maharashtra,Kharif,borewell,medium,turmeric
125,50,111,23.98,76.11,6.69,1060.76,Maharashtra,Kharif,borewell,medium,turmeric
122,55,106,25.58,82.47,7.09,994.92,Maharashtra,Kharif,borewell,medium,turmeric
108,51,106,23.05,82.46,6.43,917.32,Maharashtra,Kharif,borewell,medium,turmeric
117,50,105,27.05,82.25,6.81,905.72,Maharashtra,Kharif,borewell,medium,turmeric
119,53,108,26.65,78.26,6.58,1091.07,Maharashtra,Kharif,borewell,medium,turmeric
119,58,112,27.94,78.73,6.98,969.65,Maharashtra,Kharif,borewell,medium,turmeric
123,57,97,25.48,75.77,6.58,946.73,Maharashtra,Kharif,borewell,medium,turmeric
121,52,103,26.2,75.73,6.37,880.68,Maharashtra,Kharif,borewell,medium,turmeric
102,49,109,25.74,78.04,6.49,1193.22,Maharashtra,Kharif,borewell,medium,turmeric
122,49,96,28.28,73.33,6.39,920.58,Maharashtra,Kharif,borewell,medium,turmeric
120,55,106,25.51,73.34,7.1,1026.49,Maharashtra,Kharif,borewell,medium,turmeric
126,49,103,27.56,70.65,6.8,975.3,Maharashtra,Kharif,borewell,medium,turmeric
124,62,101,22.4,74.36,6.6,1164.91,Maharashtra,Kharif,borewell,medium,turmeric
116,62,86,25.33,81.46,6.85,804.58,Maharashtra,Kharif,borewell,medium,turmeric
112,52,99,27.56,78.04,6.21,1046.07,Maharashtra,Kharif,borewell,medium,turmeric
125,46,98,25.05,82.56,6.58,779.07,Maharashtra,Kharif,borewell,medium,turmeric
108,57,102,24.36,76.74,6.86,1217.61,Maharashtra,Kharif,borewell,medium,turmeric
119,55,104,26.29,74.92,6.99,954.16,Maharashtra,Kharif,borewell,medium,turmeric
109,48,111,25.07,83.06,6.77,1086.15,Maharashtra,Kharif,borewell,medium,turmeric
116,49,105,24.42,79.57,6.84,930.8,Maharashtra,Kharif,borewell,medium,turmeric
127,54,114,28.19,80.61,6.58,1120.58,Maharashtra,Kharif,borewell,medium,turmeric
120,51,100,26.13,81.35,6.32,875.98,Maharashtra,Kharif,borewell,medium,turmeric
108,58,108,27.97,76.27,6.27,1155.7,Maharashtra,Kharif,borewell,medium,turmeric
113,56,94,26.24,77.46,6.22,1189.19,Maharashtra,Kharif,borewell,medium,turmeric
111,47,100,23.09,76.91,6.43,1099.23,Maharashtra,Kharif,borewell,medium,turmeric
123,45,100,28.87,74.96,6.82,931.99,Maharashtra,Kharif,borewell,medium,turmeric
110,49,117,24.04,80.19,6.93,944.8,Maharashtra,Kharif,borewell,medium,turmeric
130,57,98,24.73,77.49,6.63,963.03,Maharashtra,Kharif,borewell,medium,turmeric
126,48,97,26.01,78.76,6.95,1045.43,Maharashtra,Kharif,borewell,medium,turmeric
127,50,102,25.15,78.61,6.64,1009.68,Maharashtra,Kharif,borewell,medium,turmeric
118,52,119,26.37,79.94,6.73,982.58,Maharashtra,Kharif,borewell,medium,turmeric
125,53,95,25.23,84.64,6.91,970.11,Maharashtra,Kharif,borewell,medium,turmeric
127,54,120,25.83,78.75,6.39,986.56,Maharashtra,Kharif,borewell,medium,turmeric
93,54,113,28.26,79.6,6.5,917.86,Maharashtra,Kharif,borewell,medium,turmeric
115,43,103,24.37,76.01,6.55,1032.94,Maharashtra,Kharif,borewell,medium,turmeric
103,50,111,27.87,77.75,7.19,1070.03,Maharashtra,Kharif,borewell,medium,turmeric
121,60,101,24.6,81.1,6.74,1104.42,Maharashtra,Kharif,borewell,medium,turmeric
130,64,93,25.53,77.04,6.91,1037.27,Maharashtra,Kharif,borewell,medium,turmeric
132,54,105,26.91,78.87,6.7,1065.19,Maharashtra,Kharif,borewell,medium,turmeric
124,58,105,26.23,74.66,6.86,1171.13,Maharashtra,Kharif,borewell,medium,turmeric
102,56,104,25.75,80.09,6.59,1039.25,Maharashtra,Kharif,borewell,medium,turmeric
116,61,103,24.99,79.16,6.38,1023.48,Maharashtra,Kharif,borewell,medium,turmeric
136,52,94,25.45,80.71,6.63,1070.13,Maharashtra,Kharif,borewell,medium,turmeric
114,50,110,28.15,76.71,6.61,1109.99,Maharashtra,Kharif,borewell,medium,turmeric
121,56,99,26.0,75.93,6.15,911.55,Maharashtra,Kharif,borewell,medium,turmeric
124,56,111,26.68,77.26,6.11,885.59,Maharashtra,Kharif,borewell,medium,turmeric
131,48,104,26.08,73.38,6.69,1152.78,Maharashtra,Kharif,borewell,medium,turmeric
120,51,95,25.63,79.8,6.6,956.03,Maharashtra,Kharif,borewell,medium,turmeric
130,51,101,26.19,82.36,6.56,911.45,Maharashtra,Kharif,borewell,medium,turmeric
125,51,110,23.27,78.12,6.53,904.04,Maharashtra,Kharif,borewell,medium,turmeric
108,51,96,22.05,74.08,6.28,1002.93,Maharashtra,Kharif,borewell,medium,turmeric
108,52,97,27.04,79.25,6.52,1014.39,Maharashtra,Kharif,borewell,medium,turmeric
126,53,106,23.19,76.27,6.39,1105.08,Maharashtra,Kharif,borewell,medium,turmeric
116,49,110,23.97,77.71,6.07,927.97,Maharashtra,Kharif,borewell,medium,turmeric
115,61,104,24.81,77.56,6.98,794.54,Maharashtra,Kharif,borewell,medium,turmeric
128,55,104,25.59,82.79,6.79,896.24,Maharashtra,Kharif,borewell,medium,turmeric
120,60,109,26.35,73.66,7.22,1072.14,Maharashtra,Kharif,borewell,medium,turmeric
138,54,105,25.14,81.25,7.0,1104.13,Maharashtra,Kharif,borewell,medium,turmeric
143,53,100,26.34,80.68,6.53,995.66,Maharashtra,Kharif,borewell,medium,turmeric
122,55,106,26.28,80.12,6.8,950.5,Maharashtra,Kharif,borewell,medium,turmeric
102,46,109,25.03,78.89,6.58,1006.69,Maharashtra,Kharif,borewell,medium,turmeric
125,59,105,24.61,79.04,6.79,774.63,Maharashtra,Kharif,borewell,medium,turmeric
113,53,101,26.18,75.92,6.85,1005.14,Maharashtra,Kharif,borewell,medium,turmeric
102,57,112,25.95,71.87,6.84,897.8,Maharashtra,Kharif,borewell,medium,turmeric
116,49,93,26.01,78.68,6.63,979.07,Maharashtra,Kharif,borewell,medium,turmeric
113,61,107,24.75,79.47,6.7,1061.53,Maharashtra,Kharif,borewell,medium,turmeric
120,49,94,25.29,72.48,6.68,839.38,Maharashtra,Kharif,borewell,medium,turmeric
116,57,103,25.92,79.48,6.74,1103.79,Maharashtra,Kharif,borewell,medium,turmeric
126,55,89,26.32,83.53,6.77,1096.96,Maharashtra,Kharif,borewell,medium,turmeric
113,52,110,26.59,80.63,6.3,920.69,Maharashtra,Kharif,borewell,medium,turmeric
107,54,103,25.74,75.73,6.38,1000.18,Maharashtra,Kharif,borewell,medium,turmeric
131,62,118,25.38,74.06,6.84,1127.46,Maharashtra,Kharif,borewell,medium,turmeric
124,52,100,26.81,79.92,6.68,889.35,Maharashtra,Kharif,borewell,medium,turmeric
110,52,114,27.21,76.67,6.11,1133.53,Maharashtra,Kharif,borewell,medium,turmeric
132,53,101,25.59,81.1,6.74,957.2,Maharashtra,Kharif,borewell,medium,turmeric
142,44,100,25.23,78.35,6.9,1082.87,Maharashtra,Kharif,borewell,medium,turmeric
121,45,113,24.49,76.66,6.58,919.25,Maharashtra,Kharif,borewell,medium,turmeric
112,58,117,25.9,72.07,6.67,930.39,Maharashtra,Kharif,borewell,medium,turmeric
124,54,89,25.48,80.05,6.58,890.36,Maharashtra,Kharif,borewell,medium,turmeric
127,43,107,25.28,79.45,6.54,1048.62,Maharashtra,Kharif,borewell,medium,turmeric
134,57,111,26.78,72.28,6.62,1026.97,Maharashtra,Kharif,borewell,medium,turmeric
126,52,111,24.72,84.64,6.75,907.97,Maharashtra,Kharif,borewell,medium,turmeric
134,46,105,26.15,76.63,6.57,1006.33,Maharashtra,Kharif,borewell,medium,turmeric
109,54,105,28.59,82.95,6.4,985.9,Maharashtra,Kharif,borewell,medium,turmeric
113,51,112,25.86,76.34,6.76,806.33,Maharashtra,Kharif,borewell,medium,turmeric
116,60,117,27.74,73.9,6.27,950.63,Maharashtra,Kharif,borewell,medium,turmeric
120,48,91,27.24,80.54,6.44,1071.2,Maharashtra,Kharif,borewell,medium,turmeric
129,39,110,25.92,69.62,6.87,1007.94,Maharashtra,Kharif,borewell,medium,turmeric
104,55,107,26.72,71.55,6.52,901.92,Maharashtra,Kharif,borewell,medium,turmeric
118,43,96,28.05,81.87,6.86,1147.07,Maharashtra,Kharif,borewell,medium,turmeric
101,52,107,25.48,71.8,6.84,1061.78,Maharashtra,Kharif,borewell,medium,turmeric
114,57,106,26.85,74.95,6.66,1024.92,Maharashtra,Kharif,borewell,medium,turmeric
118,37,106,26.32,74.85,6.75,1024.47,Maharashtra,Kharif,borewell,medium,turmeric
124,50,91,23.75,80.29,6.31,920.2,Maharashtra,Kharif,borewell,medium,turmeric
128,40,92,27.05,78.28,6.07,956.04,Maharashtra,Kharif,borewell,medium,turmeric
122,46,93,23.75,80.82,6.88,1075.47,Maharashtra,Kharif,borewell,medium,turmeric
132,60,92,27.34,78.37,7.11,1300.0,Maharashtra,Kharif,borewell,medium,turmeric
118,51,102,26.1,78.77,7.3,1014.32,Maharashtra,Kharif,borewell,medium,turmeric
116,53,98,23.76,77.51,7.22,1088.84,Maharashtra,Kharif,borewell,medium,turmeric
115,55,126,26.27,75.03,6.62,1064.19,Maharashtra,Kharif,borewell,medium,turmeric
124,61,106,22.88,79.57,6.71,1033.87,Maharashtra,Kharif,borewell,medium,turmeric
112,64,96,24.69,77.24,6.95,1136.97,Maharashtra,Kharif,borewell,medium,turmeric
126,58,94,23.73,76.76,6.84,1091.17,Maharashtra,Kharif,borewell,medium,turmeric
111,47,115,26.25,71.09,6.3,1048.51,Maharashtra,Kharif,borewell,medium,turmeric
108,47,97,27.17,77.97,7.05,957.1,Maharashtra,Kharif,borewell,medium,turmeric
118,54,100,23.87,76.82,6.4,987.32,Maharashtra,Kharif,borewell,medium,turmeric
114,55,102,23.85,75.92,6.28,1192.16,Maharashtra,Kharif,borewell,medium,turmeric
120,56,104,28.45,73.8,6.39,1111.29,Maharashtra,Kharif,borewell,medium,turmeric
115,48,100,28.58,84.82,6.71,1019.67,Maharashtra,Kharif,borewell,medium,turmeric
128,55,106,25.4,75.95,6.73,1013.91,Maharashtra,Kharif,borewell,medium,turmeric
135,51,97,24.05,75.44,6.22,1114.76,Maharashtra,Kharif,borewell,medium,turmeric
116,48,109,28.6,76.58,6.3,960.44,Maharashtra,Kharif,borewell,medium,turmeric
101,56,110,25.41,74.27,7.24,877.06,Maharashtra,Kharif,borewell,medium,turmeric
112,53,112,25.8,78.12,6.76,1300.0,Maharashtra,Kharif,borewell,medium,turmeric
114,50,104,26.91,86.42,6.57,1055.47,Maharashtra,Kharif,borewell,medium,turmeric
98,53,105,27.36,76.28,6.27,1022.97,Maharashtra,Kharif,borewell,medium,turmeric
104,48,105,22.8,77.15,7.02,838.9,Maharashtra,Kharif,borewell,medium,turmeric
113,56,112,26.08,77.38,7.04,1021.27,Maharashtra,Kharif,borewell,medium,turmeric
109,53,104,25.42,72.4,6.6,1058.25,Maharashtra,Kharif,borewell,medium,turmeric
128,53,105,25.25,81.23,6.28,947.9,Maharashtra,Kharif,borewell,medium,turmeric
112,52,116,24.42,78.93,6.68,903.59,Maharashtra,Kharif,borewell,medium,turmeric
118,47,106,25.84,83.02,6.4,982.8,Maharashtra,Kharif,borewell,medium,turmeric
116,60,101,24.81,75.41,6.39,941.88,Maharashtra,Kharif,borewell,medium,turmeric
111,53,94,26.77,78.14,7.03,1046.69,Maharashtra,Kharif,borewell,medium,turmeric
124,64,109,25.71,75.1,6.99,899.16,Maharashtra,Kharif,borewell,medium,turmeric
109,46,99,26.06,77.13,6.74,891.0,Maharashtra,Kharif,borewell,medium,turmeric
111,53,97,24.18,72.9,6.59,993.12,Maharashtra,Kharif,borewell,medium,turmeric
119,60,108,26.0,82.49,6.86,927.01,Maharashtra,Kharif,borewell,medium,turmeric
128,63,120,27.3,79.29,6.68,1145.72,Maharashtra,Kharif,borewell,medium,turmeric
107,60,106,24.77,74.06,6.15,1056.45,Maharashtra,Kharif,borewell,medium,turmeric
139,50,98,27.61,78.38,6.93,902.42,Maharashtra,Kharif,borewell,medium,turmeric
127,63,96,25.57,76.79,6.8,1126.06,Maharashtra,Kharif,borewell,medium,turmeric
113,67,105,25.24,82.76,6.64,962.38,Maharashtra,Kharif,borewell,medium,turmeric
115,65,97,27.5,75.29,6.43,991.81,Maharashtra,Kharif,borewell,medium,turmeric
125,43,100,27.37,81.42,6.52,882.47,Maharashtra,Kharif,borewell,medium,turmeric
122,57,107,27.87,77.1,6.25,940.52,Maharashtra,Kharif,borewell,medium,turmeric
120,48,101,27.28,75.29,6.24,1081.0,Maharashtra,Kharif,borewell,medium,turmeric
126,46,111,24.49,75.59,6.31,954.16,Maharashtra,Kharif,borewell,medium,turmeric
126,54,98,26.25,79.27,6.85,1035.93,Maharashtra,Kharif,borewell,medium,turmeric
127,53,98,26.22,82.05,6.94,741.85,Maharashtra,Kharif,borewell,medium,turmeric
126,50,108,24.18,76.57,6.17,956.74,Maharashtra,Kharif,borewell,medium,turmeric
126,55,123,25.31,75.07,6.97,828.37,Maharashtra,Kharif,borewell,medium,turmeric
122,55,86,24.55,73.45,6.82,935.75,Maharashtra,Kharif,borewell,medium,turmeric
117,43,98,24.95,77.27,6.52,1147.02,Maharashtra,Kharif,borewell,medium,turmeric
127,42,113,27.17,78.23,6.86,1120.26,Maharashtra,Kharif,borewell,medium,turmeric
115,45,110,24.91,78.88,6.32,1097.4,Maharashtra,Kharif,borewell,medium,turmeric
112,51,103,24.11,81.6,6.94,985.66,Maharashtra,Kharif,borewell,medium,turmeric
112,51,101,25.97,76.96,6.36,1113.14,Maharashtra,Kharif,borewell,medium,turmeric
118,64,106,25.46,77.06,6.5,989.39,Maharashtra,Kharif,borewell,medium,turmeric
122,46,96,27.04,79.71,6.18,1052.26,Maharashtra,Kharif,borewell,medium,turmeric
128,54,91,24.22,77.84,7.1,946.16,Maharashtra,Kharif,borewell,medium,turmeric
126,49,119,26.06,73.96,6.38,910.37,Maharashtra,Kharif,borewell,medium,turmeric
121,48,101,28.6,76.05,6.65,972.7,Maharashtra,Kharif,borewell,medium,turmeric
120,56,87,26.2,76.75,6.65,979.66,Maharashtra,Kharif,borewell,medium,turmeric
118,54,100,28.62,74.79,6.98,875.88,Maharashtra,Kharif,borewell,medium,turmeric
117,54,97,24.66,77.06,6.84,1008.2,Maharashtra,Kharif,borewell,medium,turmeric
139,56,101,22.41,72.83,6.53,843.51,Maharashtra,Kharif,borewell,medium,turmeric
118,54,103,25.64,84.53,6.62,986.22,Maharashtra,Kharif,borewell,medium,turmeric
110,52,101,28.4,79.9,6.98,1020.85,Maharashtra,Kharif,borewell,medium,turmeric
132,47,107,24.84,76.53,6.61,904.28,Maharashtra,Kharif,borewell,medium,turmeric
105,58,91,28.25,75.28,6.75,1062.51,Maharashtra,Kharif,borewell,medium,turmeric
109,55,106,26.84,82.03,6.82,913.16,Maharashtra,Kharif,borewell,medium,turmeric
119,48,100,26.65,80.02,6.76,1028.78,Maharashtra,Kharif,borewell,medium,turmeric
124,50,116,26.89,77.93,6.9,948.48,Maharashtra,Kharif,borewell,medium,turmeric
121,58,95,28.96,76.04,6.48,1002.01,Maharashtra,Kharif,borewell,medium,turmeric
127,57,117,25.91,79.1,6.19,892.92,Maharashtra,Kharif,borewell,medium,turmeric
119,55,105,26.7,77.81,6.54,1240.02,Maharashtra,Kharif,borewell,medium,turmeric
117,58,94,26.16,75.75,7.13,944.24,Maharashtra,Kharif,borewell,medium,turmeric
120,48,98,25.9,79.21,6.88,942.09,Maharashtra,Kharif,borewell,medium,turmeric
114,60,118,25.89,79.55,7.05,1264.88,Maharashtra,Kharif,borewell,medium,turmeric
124,57,106,24.03,79.16,6.97,924.68,Maharashtra,Kharif,borewell,medium,turmeric
101,56,90,23.9,72.55,6.07,1105.74,Maharashtra,Kharif,borewell,medium,turmeric
121,64,111,28.75,75.85,6.7,872.59,Maharashtra,Kharif,borewell,medium,turmeric
117,61,105,25.69,77.93,6.64,1014.48,Maharashtra,Kharif,borewell,medium,turmeric
133,48,103,26.13,74.99,6.48,1076.64,Maharashtra,Kharif,borewell,medium,turmeric
112,69,119,26.24,79.92,6.81,1056.0,Maharashtra,Kharif,borewell,medium,turmeric
121,69,99,25.48,78.24,6.77,1201.18,Maharashtra,Kharif,borewell,medium,turmeric
120,56,108,25.89,82.14,6.71,1098.86,Maharashtra,Kharif,borewell,medium,turmeric
117,49,102,26.4,81.73,7.16,1017.5,Maharashtra,Kharif,borewell,medium,turmeric
139,56,99,26.16,80.56,6.83,952.04,Maharashtra,Kharif,borewell,medium,turmeric
116,51,103,26.41,84.29,6.49,836.04,Maharashtra,Kharif,borewell,medium,turmeric
103,57,100,26.36,75.64,6.56,967.49,Maharashtra,Kharif,borewell,medium,turmeric
113,60,116,26.85,84.81,6.25,978.9,Maharashtra,Kharif,borewell,medium,turmeric
117,57,94,26.89,73.19,6.8,1115.49,Maharashtra,Kharif,borewell,medium,turmeric
109,50,115,27.86,73.24,6.7,1065.36,Maharashtra,Kharif,borewell,medium,turmeric
120,61,100,25.45,75.8,6.67,973.14,Maharashtra,Kharif,borewell,medium,turmeric
129,50,104,26.34,75.41,6.89,1073.9,Maharashtra,Kharif,borewell,medium,turmeric
127,47,118,23.6,80.65,6.65,1072.2,Maharashtra,Kharif,borewell,medium,turmeric
118,53,111,26.07,78.9,6.68,1225.01,Maharashtra,Kharif,borewell,medium,turmeric
105,60,109,26.51,73.95,6.92,892.27,Maharashtra,Kharif,borewell,medium,turmeric
135,50,118,25.13,75.07,6.59,931.17,Maharashtra,Kharif,borewell,medium,turmeric
118,63,101,26.3,83.48,6.68,1117.91,Maharashtra,Kharif,borewell,medium,turmeric
126,59,105,26.85,84.2,6.53,1047.11,Maharashtra,Kharif,borewell,medium,turmeric
114,59,92,25.67,81.53,6.57,826.08,Maharashtra,Kharif,borewell,medium,turmeric
113,49,119,27.12,81.14,6.29,1005.38,Maharashtra,Kharif,borewell,medium,turmeric
136,58,101,27.11,73.88,6.38,816.59,Maharashtra,Kharif,borewell,medium,turmeric
119,56,97,25.94,75.36,6.46,900.25,Maharashtra,Kharif,borewell,medium,turmeric
133,49,103,25.36,79.21,7.28,1283.5,Maharashtra,Kharif,borewell,medium,turmeric
118,55,113,27.74,80.29,6.91,1046.37,Maharashtra,Kharif,borewell,medium,turmeric
114,59,107,26.52,73.66,6.41,966.8,Maharashtra,Kharif,borewell,medium,turmeric
126,63,112,25.83,74.88,6.95,1037.12,Maharashtra,Kharif,borewell,medium,turmeric
90,59,109,23.2,80.25,6.64,873.58,Maharashtra,Kharif,borewell,medium,turmeric
141,55,101,25.02,77.53,6.57,1062.63,Maharashtra,Kharif,borewell,medium,turmeric
118,50,107,25.48,77.78,6.98,956.53,Maharashtra,Kharif,borewell,medium,turmeric
119,48,114,23.75,75.23,6.79,984.96,Maharashtra,Kharif,borewell,medium,turmeric
129,51,99,25.84,73.69,6.38,1091.26,Maharashtra,Kharif,borewell,medium,turmeric
117,52,106,23.91,72.8,6.7,958.96,Maharashtra,Kharif,borewell,medium,turmeric
118,56,97,25.24,76.82,6.69,964.05,Maharashtra,Kharif,borewell,medium,turmeric
114,62,105,26.87,71.97,6.26,1058.57,Maharashtra,Kharif,borewell,medium,turmeric
118,50,97,27.3,80.18,6.58,1024.58,Maharashtra,Kharif,borewell,medium,turmeric
117,49,101,27.02,76.68,6.62,957.05,Maharashtra,Kharif,borewell,medium,turmeric
129,49,118,25.24,76.09,7.13,893.35,Maharashtra,Kharif,borewell,medium,turmeric
120,58,92,26.34,72.87,6.61,1203.59,Maharashtra,Kharif,borewell,medium,turmeric
96,52,101,24.66,72.9,6.89,1019.78,Maharashtra,Kharif,borewell,medium,turmeric
101,47,100,23.9,78.29,6.67,1024.09,Maharashtra,Kharif,borewell,medium,turmeric
140,47,101,25.3,80.85,6.8,886.93,Maharashtra,Kharif,borewell,medium,turmeric
134,47,112,27.06,79.33,6.51,968.91,Maharashtra,Kharif,borewell,medium,turmeric
125,56,111,26.95,79.14,6.98,939.98,Maharashtra,Kharif,borewell,medium,turmeric
120,49,125,27.02,81.38,6.72,994.35,Maharashtra,Kharif,borewell,medium,turmeric
147,60,102,25.64,78.74,6.46,965.24,Maharashtra,Kharif,borewell,medium,turmeric
105,39,121,25.32,76.99,6.62,1069.6,Maharashtra,Kharif,borewell,medium,turmeric
128,59,110,25.64,82.22,6.55,1103.16,Maharashtra,Kharif,borewell,medium,turmeric
105,60,98,24.07,73.67,6.65,1228.59,Maharashtra,Kharif,borewell,medium,turmeric
118,52,111,25.23,77.5,6.51,1196.73,Maharashtra,Kharif,borewell,medium,turmeric
121,57,99,24.48,80.21,6.67,1103.01,Maharashtra,Kharif,borewell,medium,turmeric
111,52,94,25.34,73.18,6.52,1130.78,Maharashtra,Kharif,borewell,medium,turmeric
111,47,104,25.75,80.57,6.25,749.62,Maharashtra,Kharif,borewell,medium,turmeric
121,62,103,26.53,77.73,6.8,970.56,Maharashtra,Kharif,borewell,medium,turmeric
119,62,115,25.08,75.78,6.44,887.61,Maharashtra,Kharif,borewell,medium,turmeric
114,52,99,26.68,72.42,6.29,1065.91,Maharashtra,Kharif,borewell,medium,turmeric
139,54,98,24.52,76.75,6.94,1051.42,Maharashtra,Kharif,borewell,medium,turmeric
108,55,117,27.57,82.44,6.81,871.78,Maharashtra,Kharif,borewell,medium,turmeric
112,63,102,23.47,80.02,6.88,991.96,Maharashtra,Kharif,borewell,medium,turmeric
125,48,101,23.59,74.42,6.98,700.0,Maharashtra,Kharif,borewell,medium,turmeric
116,49,110,23.16,75.46,6.44,1040.52,Maharashtra,Kharif,borewell,medium,turmeric
120,43,102,24.96,79.55,6.53,1174.86,Maharashtra,Kharif,borewell,medium,turmeric
113,49,101,25.74,80.81,6.48,960.45,Maharashtra,Kharif,borewell,medium,turmeric
124,47,110,25.5,74.99,6.11,889.79,Maharashtra,Kharif,borewell,medium,turmeric
118,52,103,24.03,77.29,6.19,873.01,Maharashtra,Kharif,borewell,medium,turmeric
131,52,109,27.87,77.7,6.85,1035.51,Maharashtra,Kharif,borewell,medium,turmeric
112,51,98,26.77,81.21,6.23,908.77,Maharashtra,Kharif,borewell,medium,turmeric
116,48,103,26.44,82.18,6.46,941.44,Maharashtra,Kharif,borewell,medium,turmeric
123,52,92,24.8,76.72,6.8,1107.34,Maharashtra,Kharif,borewell,medium,turmeric
109,48,112,25.33,79.06,6.54,999.23,Maharashtra,Kharif,borewell,medium,turmeric
115,59,92,25.42,81.28,6.53,984.3,Maharashtra,Kharif,borewell,medium,turmeric
129,55,112,27.53,73.02,6.46,912.37,Maharashtra,Kharif,borewell,medium,turmeric
123,58,84,23.81,70.9,6.35,996.69,Maharashtra,Kharif,borewell,medium,turmeric
135,44,124,26.58,79.58,6.77,849.62,Maharashtra,Kharif,borewell,medium,turmeric
113,46,110,24.66,76.96,6.4,1132.89,Maharashtra,Kharif,borewell,medium,turmeric
113,45,108,25.78,82.34,6.66,1017.3,Maharashtra,Kharif,borewell,medium,turmeric
128,55,111,26.81,76.57,6.25,972.31,Maharashtra,Kharif,borewell,medium,turmeric
99,48,101,27.6,77.16,7.04,1037.22,Maharashtra,Kharif,borewell,medium,turmeric
103,59,113,23.63,80.09,6.96,775.92,Maharashtra,Kharif,borewell,medium,turmeric
108,57,103,27.85,80.86,6.8,1108.41,Maharashtra,Kharif,borewell,medium,turmeric
111,50,121,25.42,81.37,6.53,915.09,Maharashtra,Kharif,borewell,medium,turmeric
109,55,115,26.54,78.57,6.27,991.89,Maharashtra,Kharif,borewell,medium,turmeric
121,47,108,24.97,76.42,6.78,1151.78,Maharashtra,Kharif,borewell,medium,turmeric
134,51,109,26.74,79.83,6.61,1121.85,Maharashtra,Kharif,borewell,medium,turmeric
113,45,107,25.48,84.14,6.46,1095.83,Maharashtra,Kharif,borewell,medium,turmeric
124,44,109,25.03,85.76,6.37,900.29,Maharashtra,Kharif,borewell,medium,turmeric
97,48,110,24.53,79.47,6.65,895.04,Maharashtra,Kharif,borewell,medium,turmeric
118,47,112,23.47,80.21,6.39,1004.26,Maharashtra,Kharif,borewell,medium,turmeric
124,53,122,25.34,73.19,7.16,1029.74,Maharashtra,Kharif,borewell,medium,turmeric
121,65,94,25.8,74.16,6.55,850.24,Maharashtra,Kharif,borewell,medium,turmeric
120,52,104,22.89,80.35,6.52,1256.84,Maharashtra,Kharif,borewell,medium,turmeric
115,48,106,24.28,81.9,6.34,911.9,Maharashtra,Kharif,borewell,medium,turmeric
128,54,107,24.19,81.24,6.32,827.5,Maharashtra,Kharif,borewell,medium,turmeric
124,51,103,26.89,76.93,6.13,966.03,Maharashtra,Kharif,borewell,medium,turmeric
123,54,104,29.21,83.53,6.28,863.06,Maharashtra,Kharif,borewell,medium,turmeric
133,59,117,25.41,77.47,6.13,1014.39,Maharashtra,Kharif,borewell,medium,turmeric
114,48,113,25.79,80.75,6.57,1054.82,Maharashtra,Kharif,borewell,medium,turmeric
107,47,109,28.26,79.55,6.6,1150.23,Maharashtra,Kharif,borewell,medium,turmeric
118,48,105,26.5,73.78,6.63,827.57,Maharashtra,Kharif,borewell,medium,turmeric
117,52,105,23.39,78.34,6.83,1140.81,Maharashtra,Kharif,borewell,medium,turmeric
135,53,126,24.99,75.57,6.6,1082.72,Maharashtra,Kharif,borewell,medium,turmeric
126,39,97,27.02,75.04,6.57,1035.91,Maharashtra,Kharif,borewell,medium,turmeric
125,58,116,26.84,73.91,6.76,1108.18,Maharashtra,Kharif,borewell,medium,turmeric
125,60,107,25.83,75.18,7.14,895.47,Maharashtra,Kharif,borewell,medium,turmeric
120,50,94,27.18,79.66,6.67,937.26,Maharashtra,Kharif,borewell,medium,turmeric
126,51,109,27.91,69.85,6.87,1237.35,Maharashtra,Kharif,borewell,medium,turmeric
137,57,115,24.87,78.8,6.56,953.28,Maharashtra,Kharif,borewell,medium,turmeric
130,51,90,26.58,77.91,6.78,959.03,Maharashtra,Kharif,borewell,medium,turmeric
103,47,97,24.63,76.12,6.79,861.88,Maharashtra,Kharif,borewell,medium,turmeric
129,45,102,25.95,77.0,6.77,989.16,Maharashtra,Kharif,borewell,medium,turmeric
118,39,108,28.5,76.36,6.78,917.62,Maharashtra,Kharif,borewell,medium,turmeric
130,56,102,25.42,80.15,6.61,876.86,Maharashtra,Kharif,borewell,medium,turmeric
105,56,99,26.05,79.96,6.28,898.58,Maharashtra,Kharif,borewell,medium,turmeric
136,50,113,29.34,78.8,6.37,1012.7,Maharashtra,Kharif,borewell,medium,turmeric
118,53,111,27.11,71.32,6.92,1027.36,Maharashtra,Kharif,borewell,medium,turmeric
114,57,96,24.66,81.53,6.62,1156.77,Maharashtra,Kharif,borewell,medium,turmeric
113,54,108,26.54,80.07,6.72,1001.92,Maharashtra,Kharif,borewell,medium,turmeric
101,58,85,24.36,75.65,6.84,977.78,Maharashtra,Kharif,borewell,medium,turmeric
139,44,96,23.0,74.18,6.43,1146.49,Maharashtra,Kharif,borewell,medium,turmeric
130,54,102,27.02,82.24,6.43,945.28,Maharashtra,Kharif,borewell,medium,turmeric
116,42,115,25.22,77.04,6.99,946.04,Maharashtra,Kharif,borewell,medium,turmeric
133,42,110,25.41,72.74,6.3,1014.04,Maharashtra,Kharif,borewell,medium,turmeric
110,55,99,23.84,81.23,6.68,819.7,Maharashtra,Kharif,borewell,medium,turmeric
127,53,101,25.48,82.47,6.69,1138.92,Maharashtra,Kharif,borewell,medium,turmeric
125,54,99,26.21,81.4,6.62,1193.64,Maharashtra,Kharif,borewell,medium,turmeric
130,46,101,26.9,72.91,6.57,906.74,Maharashtra,Kharif,borewell,medium,turmeric
120,47,114,25.32,80.22,6.2,969.53,Maharashtra,Kharif,borewell,medium,turmeric
107,59,99,25.88,79.17,6.4,879.97,Maharashtra,Kharif,borewell,medium,turmeric
122,41,116,25.82,73.09,6.53,1057.78,Maharashtra,Kharif,borewell,medium,turmeric
112,41,104,27.01,78.78,6.71,1095.67,Maharashtra,Kharif,borewell,medium,turmeric
136,37,94,26.22,78.92,6.19,921.78,Maharashtra,Kharif,borewell,medium,turmeric
137,50,107,28.39,78.31,6.81,1057.1,Maharashtra,Kharif,borewell,medium,turmeric
117,50,115,25.99,74.64,6.89,714.52,Maharashtra,Kharif,borewell,medium,turmeric
136,51,105,26.11,82.44,6.65,997.73,Maharashtra,Kharif,borewell,medium,turmeric
110,48,110,26.3,83.62,6.38,884.61,Maharashtra,Kharif,borewell,medium,turmeric
123,52,95,25.31,80.35,6.25,886.24,Maharashtra,Kharif,borewell,medium,turmeric
113,48,112,25.26,83.44,6.32,1036.48,Maharashtra,Kharif,borewell,medium,turmeric
120,53,84,24.54,77.44,6.07,707.69,Maharashtra,Kharif,borewell,medium,turmeric
108,54,109,24.37,77.33,6.71,1132.51,Maharashtra,Kharif,borewell,medium,turmeric
133,58,101,25.93,78.24,6.54,862.34,Maharashtra,Kharif,borewell,medium,turmeric
134,55,112,26.88,76.56,6.2,1075.08,Maharashtra,Kharif,borewell,medium,turmeric
127,54,123,25.24,76.95,6.66,950.28,Maharashtra,Kharif,borewell,medium,turmeric
118,59,100,25.23,79.93,6.25,991.81,Maharashtra,Kharif,borewell,medium,turmeric
119,56,112,25.79,77.71,6.59,969.2,Maharashtra,Kharif,borewell,medium,turmeric
133,55,116,24.83,82.17,6.63,1068.42,Maharashtra,Kharif,borewell,medium,turmeric
101,62,109,28.49,81.71,6.05,1152.16,Maharashtra,Kharif,borewell,medium,turmeric
122,56,110,25.87,76.65,6.79,916.78,Maharashtra,Kharif,borewell,medium,turmeric
120,61,95,25.73,81.89,6.38,809.19,Maharashtra,Kharif,borewell,medium,turmeric
100,50,119,24.98,77.04,6.61,1110.61,Maharashtra,Kharif,borewell,medium,turmeric
129,52,110,27.41,72.52,6.5,879.93,Maharashtra,Kharif,borewell,medium,turmeric
113,56,95,29.08,80.2,6.44,986.85,Maharashtra,Kharif,borewell,medium,turmeric
107,44,102,27.74,73.31,6.93,981.43,Maharashtra,Kharif,borewell,medium,turmeric
122,53,111,27.46,77.28,6.74,1130.08,Maharashtra,Kharif,borewell,medium,turmeric
128,50,103,24.68,84.06,6.68,859.66,Maharashtra,Kharif,borewell,medium,turmeric
112,52,116,25.75,80.01,6.41,1064.44,Maharashtra,Kharif,borewell,medium,turmeric
133,57,85,25.8,74.47,6.78,1007.02,Maharashtra,Kharif,borewell,medium,turmeric
137,51,106,25.84,80.4,6.34,899.99,Maharashtra,Kharif,borewell,medium,turmeric
114,56,114,25.88,79.97,6.74,994.25,Maharashtra,Kharif,borewell,medium,turmeric
119,57,121,27.32,82.01,7.14,930.19,Maharashtra,Kharif,borewell,medium,turmeric
127,61,113,25.2,75.34,7.04,1041.57,Maharashtra,Kharif,borewell,medium,turmeric
123,53,118,27.3,77.38,6.84,1017.82,Maharashtra,Kharif,borewell,medium,turmeric
129,60,115,23.7,79.71,6.99,928.12,Maharashtra,Kharif,borewell,medium,turmeric
140,56,113,27.28,73.52,6.87,1049.32,Maharashtra,Kharif,borewell,medium,turmeric
116,62,89,25.18,82.84,6.87,946.24,Maharashtra,Kharif,borewell,medium,turmeric
113,52,108,25.54,78.05,6.65,977.78,Maharashtra,Kharif,borewell,medium,turmeric
117,46,106,26.11,75.3,6.71,1130.45,Maharashtra,Kharif,borewell,medium,turmeric
122,56,114,26.12,81.4,6.02,941.82,Maharashtra,Kharif,borewell,medium,turmeric
110,61,111,24.56,75.16,6.27,1045.25,Maharashtra,Kharif,borewell,medium,turmeric
123,51,99,26.12,87.01,6.53,1126.83,Maharashtra,Kharif,borewell,medium,turmeric
118,59,111,26.12,80.54,6.95,1019.01,Maharashtra,Kharif,borewell,medium,turmeric
119,57,120,24.31,74.18,7.01,958.08,Maharashtra,Kharif,borewell,medium,turmeric
134,49,102,27.55,80.85,6.33,1071.89,Maharashtra,Kharif,borewell,medium,turmeric
115,56,107,25.94,76.35,6.19,949.19,Maharashtra,Kharif,borewell,medium,turmeric
128,56,99,27.64,79.64,6.8,909.57,Maharashtra,Kharif,borewell,medium,turmeric
139,56,119,25.35,72.38,6.39,1118.65,Maharashtra,Kharif,borewell,medium,turmeric
110,62,100,26.71,79.27,6.56,984.27,Maharashtra,Kharif,borewell,medium,turmeric
112,65,111,24.03,73.96,6.78,1013.41,Maharashtra,Kharif,borewell,medium,turmeric
103,68,83,25.57,78.54,6.46,1099.66,Maharashtra,Kharif,borewell,medium,turmeric
127,54,106,26.91,77.78,6.24,1111.09,Maharashtra,Kharif,borewell,medium,turmeric
139,54,107,26.14,74.09,6.49,1094.06,Maharashtra,Kharif,borewell,medium,turmeric
124,63,112,25.65,80.74,6.59,850.27,Maharashtra,Kharif,borewell,medium,turmeric
132,56,130,25.49,80.95,6.44,928.43,Maharashtra,Kharif,borewell,medium,turmeric
145,41,106,28.52,73.34,6.5,1105.14,Maharashtra,Kharif,borewell,medium,turmeric
109,55,100,27.97,82.82,6.51,727.08,Maharashtra,Kharif,borewell,medium,turmeric
127,59,111,26.72,79.36,6.55,937.59,Maharashtra,Kharif,borewell,medium,turmeric
122,52,112,25.03,76.96,6.65,935.14,Maharashtra,Kharif,borewell,medium,turmeric
100,41,37,21.88,58.93,7.01,232.02,Maharashtra,Rabi,borewell,medium,wheat
98,42,35,22.24,57.62,6.45,192.47,Maharashtra,Rabi,borewell,medium,wheat
91,42,43,26.0,47.07,7.08,222.32,Maharashtra,Rabi,borewell,medium,wheat
93,45,38,20.4,56.61,7.15,235.38,Maharashtra,Rabi,borewell,medium,wheat
97,40,49,21.6,59.42,6.86,226.32,Maharashtra,Rabi,borewell,medium,wheat
97,35,35,19.77,54.2,6.71,221.46,Maharashtra,Rabi,borewell,medium,wheat
107,43,33,19.28,55.05,6.62,230.15,Maharashtra,Rabi,borewell,medium,wheat
106,40,38,20.29,54.09,7.05,197.89,Maharashtra,Rabi,borewell,medium,wheat
88,36,38,22.78,59.21,7.4,197.52,Maharashtra,Rabi,borewell,medium,wheat
102,38,40,23.74,58.41,7.44,200.04,Maharashtra,Rabi,borewell,medium,wheat
94,39,38,21.45,56.6,6.87,203.64,Maharashtra,Rabi,borewell,medium,wheat
98,42,33,17.84,54.22,6.63,192.15,Maharashtra,Rabi,borewell,medium,wheat
91,42,35,24.65,51.67,7.32,214.58,Maharashtra,Rabi,borewell,medium,wheat
90,45,36,19.66,63.36,6.41,211.84,Maharashtra,Rabi,borewell,medium,wheat
97,48,36,25.44,59.41,6.37,171.54,Maharashtra,Rabi,borewell,medium,wheat
97,38,40,20.24,51.92,6.74,248.4,Maharashtra,Rabi,borewell,medium,wheat
78,47,42,20.45,51.12,7.15,203.79,Maharashtra,Rabi,borewell,medium,wheat
82,50,34,18.55,57.59,6.98,269.54,Maharashtra,Rabi,borewell,medium,wheat
92,41,39,21.33,57.38,7.07,225.49,Maharashtra,Rabi,borewell,medium,wheat
92,46,36,22.34,61.82,6.82,300.15,Maharashtra,Rabi,borewell,medium,wheat
89,40,40,21.74,56.78,7.22,228.42,Maharashtra,Rabi,borewell,medium,wheat
112,42,34,20.08,58.31,7.13,226.88,Maharashtra,Rabi,borewell,medium,wheat
88,47,46,21.05,63.44,7.23,293.96,Maharashtra,Rabi,borewell,medium,wheat
99,43,41,20.28,58.06,7.35,247.32,Maharashtra,Rabi,borewell,medium,wheat
95,43,41,22.21,59.38,7.09,192.52,Maharashtra,Rabi,borewell,medium,wheat
89,44,41,22.17,53.91,6.96,180.86,Maharashtra,Rabi,borewell,medium,wheat
83,43,43,21.17,63.81,6.96,221.04,Maharashtra,Rabi,borewell,medium,wheat
87,41,33,18.42,52.0,7.02,195.44,Maharashtra,Rabi,borewell,medium,wheat
91,44,31,21.14,59.75,7.25,237.22,Maharashtra,Rabi,borewell,medium,wheat
95,40,37,23.76,57.55,6.97,238.79,Maharashtra,Rabi,borewell,medium,wheat
95,43,36,20.31,60.32,6.48,235.95,Maharashtra,Rabi,borewell,medium,wheat
91,35,33,20.94,56.89,7.2,246.93,Maharashtra,Rabi,borewell,medium,wheat
82,44,41,21.36,58.43,6.48,186.99,Maharashtra,Rabi,borewell,medium,wheat
106,41,47,18.87,62.49,6.84,248.75,Maharashtra,Rabi,borewell,medium,wheat
93,43,40,19.98,59.57,6.93,225.93,Maharashtra,Rabi,borewell,medium,wheat
73,41,43,22.16,59.9,7.01,275.88,Maharashtra,Rabi,borewell,medium,wheat
97,40,41,22.54,58.91,6.89,229.38,Maharashtra,Rabi,borewell,medium,wheat
107,44,31,19.95,53.91,6.8,149.62,Maharashtra,Rabi,borewell,medium,wheat
111,39,34,17.76,59.82,6.98,208.3,Maharashtra,Rabi,borewell,medium,wheat
93,45,35,17.69,51.55,6.64,229.18,Maharashtra,Rabi,borewell,medium,wheat
103,49,31,22.03,54.14,7.78,266.12,Maharashtra,Rabi,borewell,medium,wheat
109,46,39,20.33,54.2,6.79,240.59,Maharashtra,Rabi,borewell,medium,wheat
108,41,34,18.53,57.44,7.33,262.64,Maharashtra,Rabi,borewell,medium,wheat
106,44,38,23.14,52.24,6.88,277.03,Maharashtra,Rabi,borewell,medium,wheat
86,42,40,21.14,60.91,7.41,235.99,Maharashtra,Rabi,borewell,medium,wheat
107,39,37,25.01,63.95,6.66,219.57,Maharashtra,Rabi,borewell,medium,wheat
96,44,43,24.07,56.64,7.3,241.61,Maharashtra,Rabi,borewell,medium,wheat
95,35,42,22.01,57.99,6.74,285.3,Maharashtra,Rabi,borewell,medium,wheat
96,38,32,22.13,59.21,6.88,235.42,Maharashtra,Rabi,borewell,medium,wheat
101,43,35,22.6,59.71,7.15,192.21,Maharashtra,Rabi,borewell,medium,wheat
84,43,41,22.73,58.74,6.88,193.19,Maharashtra,Rabi,borewell,medium,wheat
95,42,42,20.2,54.98,7.55,271.71,Maharashtra,Rabi,borewell,medium,wheat
88,49,33,20.28,55.27,6.98,240.66,Maharashtra,Rabi,borewell,medium,wheat
96,45,36,21.62,56.8,6.63,236.1,Maharashtra,Rabi,borewell,medium,wheat
96,40,36,20.33,55.56,7.47,289.68,Maharashtra,Rabi,borewell,medium,wheat
72,45,41,20.64,60.06,7.44,174.27,Maharashtra,Rabi,borewell,medium,wheat
96,51,32,20.81,54.78,7.28,259.71,Maharashtra,Rabi,borewell,medium,wheat
96,43,30,23.37,55.15,6.96,252.39,Maharashtra,Rabi,borewell,medium,wheat
97,47,40,21.34,57.69,6.7,215.03,Maharashtra,Rabi,borewell,medium,wheat
104,39,35,19.53,57.09,7.37,238.24,Maharashtra,Rabi,borewell,medium,wheat
77,45,36,21.85,55.93,6.77,217.62,Maharashtra,Rabi,borewell,medium,wheat
91,44,34,19.13,59.31,7.3,239.34,Maharashtra,Rabi,borewell,medium,wheat
90,39,35,22.48,53.34,7.24,241.23,Maharashtra,Rabi,borewell,medium,wheat
105,47,40,18.55,58.84,7.03,207.56,Maharashtra,Rabi,borewell,medium,wheat
106,42,35,22.87,54.95,6.85,182.43,Maharashtra,Rabi,borewell,medium,wheat
88,39,40,19.3,49.38,7.08,198.87,Maharashtra,Rabi,borewell,medium,wheat
95,48,38,23.52,56.24,7.27,201.75,Maharashtra,Rabi,borewell,medium,wheat
96,39,34,20.63,51.41,7.04,209.91,Maharashtra,Rabi,borewell,medium,wheat
97,37,40,23.83,62.2,7.51,221.41,Maharashtra,Rabi,borewell,medium,wheat
92,45,37,18.1,59.64,6.94,171.09,Maharashtra,Rabi,borewell,medium,wheat
91,42,38,21.04,61.75,6.66,214.93,Maharashtra,Rabi,borewell,medium,wheat
88,48,35,20.43,60.52,7.35,269.09,Maharashtra,Rabi,borewell,medium,wheat
81,45,39,20.91,56.76,7.34,254.62,Maharashtra,Rabi,borewell,medium,wheat
102,43,47,20.33,50.31,6.93,221.92,Maharashtra,Rabi,borewell,medium,wheat
106,40,40,18.54,60.65,7.02,210.65,Maharashtra,Rabi,borewell,medium,wheat
113,47,33,20.82,66.99,7.53,250.77,Maharashtra,Rabi,borewell,medium,wheat
80,48,35,23.21,53.73,7.13,198.66,Maharashtra,Rabi,borewell,medium,wheat
92,45,32,24.95,52.56,6.71,240.84,Maharashtra,Rabi,borewell,medium,wheat
106,41,33,19.46,52.55,7.08,217.67,Maharashtra,Rabi,borewell,medium,wheat
99,44,41,20.32,53.67,7.04,218.17,Maharashtra,Rabi,borewell,medium,wheat
97,40,40,19.04,54.81,7.3,182.29,Maharashtra,Rabi,borewell,medium,wheat
104,37,31,18.51,56.95,7.19,263.09,Maharashtra,Rabi,borewell,medium,wheat
105,46,34,19.6,59.52,7.38,185.63,Maharashtra,Rabi,borewell,medium,wheat
106,34,39,20.83,55.72,7.01,191.54,Maharashtra,Rabi,borewell,medium,wheat
99,43,41,23.65,56.99,6.78,182.07,Maharashtra,Rabi,borewell,medium,wheat
109,49,41,21.1,59.62,7.35,199.4,Maharashtra,Rabi,borewell,medium,wheat
95,38,37,23.57,60.63,7.04,130.23,Maharashtra,Rabi,borewell,medium,wheat
90,43,37,21.05,57.43,6.86,219.75,Maharashtra,Rabi,borewell,medium,wheat
94,40,45,20.21,47.86,7.48,191.79,Maharashtra,Rabi,borewell,medium,wheat
102,40,40,20.92,60.33,6.94,198.16,Maharashtra,Rabi,borewell,medium,wheat
97,41,29,20.0,67.5,6.51,228.03,Maharashtra,Rabi,borewell,medium,wheat
93,50,33,21.17,59.13,6.95,194.41,Maharashtra,Rabi,borewell,medium,wheat
95,41,36,22.55,58.04,7.15,231.01,Maharashtra,Rabi,borewell,medium,wheat
103,48,36,22.37,51.53,6.4,280.88,Maharashtra,Rabi,borewell,medium,wheat
92,44,32,18.88,53.77,7.17,202.78,Maharashtra,Rabi,borewell,medium,wheat
92,39,42,22.45,54.64,7.18,211.83,Maharashtra,Rabi,borewell,medium,wheat
92,42,40,19.51,58.43,7.67,226.1,Maharashtra,Rabi,borewell,medium,wheat
95,42,39,18.32,63.02,7.26,198.52,Maharashtra,Rabi,borewell,medium,wheat
95,40,39,21.1,57.38,6.73,203.95,Maharashtra,Rabi,borewell,medium,wheat
105,40,26,20.75,65.74,7.23,200.53,Maharashtra,Rabi,borewell,medium,wheat
95,45,30,19.57,58.03,7.43,205.36,Maharashtra,Rabi,borewell,medium,wheat
108,39,25,22.24,58.57,7.2,243.24,Maharashtra,Rabi,borewell,medium,wheat
97,41,37,20.23,54.97,6.52,179.52,Maharashtra,Rabi,borewell,medium,wheat
94,33,29,20.44,56.01,6.92,140.67,Maharashtra,Rabi,borewell,medium,wheat
108,37,34,18.9,61.48,7.11,204.23,Maharashtra,Rabi,borewell,medium,wheat
90,43,32,21.63,54.4,7.14,236.19,Maharashtra,Rabi,borewell,medium,wheat
90,34,36,18.58,56.8,6.93,200.4,Maharashtra,Rabi,borewell,medium,wheat
84,47,36,24.92,56.63,7.09,221.31,Maharashtra,Rabi,borewell,medium,wheat
98,47,42,18.06,59.78,7.13,221.2,Maharashtra,Rabi,borewell,medium,wheat
109,50,41,20.09,51.93,7.2,265.32,Maharashtra,Rabi,borewell,medium,wheat
78,47,36,17.98,58.3,7.24,208.29,Maharashtra,Rabi,borewell,medium,wheat
86,50,35,22.93,50.7,7.11,232.92,Maharashtra,Rabi,borewell,medium,wheat
102,49,34,21.87,51.26,6.63,200.72,Maharashtra,Rabi,borewell,medium,wheat
98,49,45,20.41,57.67,7.25,245.51,Maharashtra,Rabi,borewell,medium,wheat
94,43,37,20.65,55.19,6.97,206.47,Maharashtra,Rabi,borewell,medium,wheat
86,46,40,24.13,57.92,6.89,199.12,Maharashtra,Rabi,borewell,medium,wheat
95,45,36,18.55,53.67,7.0,244.68,Maharashtra,Rabi,borewell,medium,wheat
83,44,38,20.25,54.25,6.8,224.69,Maharashtra,Rabi,borewell,medium,wheat
104,47,33,20.69,48.09,7.03,239.92,Maharashtra,Rabi,borewell,medium,wheat
108,35,33,21.24,50.3,7.05,240.77,Maharashtra,Rabi,borewell,medium,wheat
84,43,32,23.29,57.29,6.83,178.73,Maharashtra,Rabi,borewell,medium,wheat
98,48,34,20.27,53.62,7.41,156.38,Maharashtra,Rabi,borewell,medium,wheat
106,41,37,20.43,57.42,6.81,255.28,Maharashtra,Rabi,borewell,medium,wheat
104,38,40,20.41,56.7,7.41,197.53,Maharashtra,Rabi,borewell,medium,wheat
103,44,37,21.61,57.45,6.69,199.78,Maharashtra,Rabi,borewell,medium,wheat
86,41,43,21.97,51.01,6.93,227.79,Maharashtra,Rabi,borewell,medium,wheat
101,40,32,20.91,58.68,7.06,190.51,Maharashtra,Rabi,borewell,medium,wheat
110,42,38,19.9,60.74,7.15,230.49,Maharashtra,Rabi,borewell,medium,wheat
85,47,41,22.69,56.64,6.98,213.93,Maharashtra,Rabi,borewell,medium,wheat
114,40,33,20.38,54.46,7.34,174.8,Maharashtra,Rabi,borewell,medium,wheat
90,43,43,22.19,62.71,7.09,213.21,Maharashtra,Rabi,borewell,medium,wheat
102,37,30,22.63,57.31,7.26,191.59,Maharashtra,Rabi,borewell,medium,wheat
106,45,37,21.35,57.83,6.77,207.17,Maharashtra,Rabi,borewell,medium,wheat
98,41,31,21.49,59.7,7.28,237.74,Maharashtra,Rabi,borewell,medium,wheat
102,47,38,17.47,60.95,6.76,182.3,Maharashtra,Rabi,borewell,medium,wheat
86,53,39,19.26,53.88,7.0,238.08,Maharashtra,Rabi,borewell,medium,wheat
97,39,39,19.98,60.51,7.02,194.69,Maharashtra,Rabi,borewell,medium,wheat
101,44,36,22.22,58.91,7.32,243.67,Maharashtra,Rabi,borewell,medium,wheat
93,35,38,21.57,56.7,6.2,242.63,Maharashtra,Rabi,borewell,medium,wheat
87,45,45,20.58,58.18,7.01,237.52,Maharashtra,Rabi,borewell,medium,wheat
96,40,34,23.65,58.18,7.22,233.3,Maharashtra,Rabi,borewell,medium,wheat
103,39,38,21.84,61.46,7.71,233.58,Maharashtra,Rabi,borewell,medium,wheat
89,38,34,19.71,45.38,6.82,243.89,Maharashtra,Rabi,borewell,medium,wheat
96,41,31,22.75,58.46,7.0,146.58,Maharashtra,Rabi,borewell,medium,wheat
91,44,37,21.32,59.13,7.04,241.66,Maharashtra,Rabi,borewell,medium,wheat
88,37,39,22.14,58.49,7.04,209.2,Maharashtra,Rabi,borewell,medium,wheat
97,44,39,25.35,52.97,7.8,178.11,Maharashtra,Rabi,borewell,medium,wheat
98,38,39,22.64,56.62,7.26,205.88,Maharashtra,Rabi,borewell,medium,wheat
78,45,38,20.2,54.93,7.11,192.85,Maharashtra,Rabi,borewell,medium,wheat
98,47,46,23.34,57.12,7.07,206.66,Maharashtra,Rabi,borewell,medium,wheat
91,46,36,21.61,52.81,7.37,209.25,Maharashtra,Rabi,borewell,medium,wheat
104,40,34,23.21,54.1,6.58,185.34,Maharashtra,Rabi,borewell,medium,wheat
102,46,34,19.95,59.08,7.35,217.71,Maharashtra,Rabi,borewell,medium,wheat
100,46,46,19.07,53.94,6.86,247.58,Maharashtra,Rabi,borewell,medium,wheat
93,44,38,21.0,56.91,7.27,187.65,Maharashtra,Rabi,borewell,medium,wheat
94,37,38,20.67,60.6,7.0,205.21,Maharashtra,Rabi,borewell,medium,wheat
93,50,31,19.95,56.64,6.83,236.36,Maharashtra,Rabi,borewell,medium,wheat
95,44,38,20.83,51.55,7.05,161.22,Maharashtra,Rabi,borewell,medium,wheat
89,45,42,24.92,54.86,6.77,237.41,Maharashtra,Rabi,borewell,medium,wheat
111,49,33,20.77,59.76,7.25,239.73,Maharashtra,Rabi,borewell,medium,wheat
91,45,41,19.45,61.6,7.26,195.27,Maharashtra,Rabi,borewell,medium,wheat
103,46,41,23.63,56.46,7.09,132.04,Maharashtra,Rabi,borewell,medium,wheat
104,47,43,19.44,60.19,7.27,198.3,Maharashtra,Rabi,borewell,medium,wheat
104,44,30,21.97,53.56,6.55,232.22,Maharashtra,Rabi,borewell,medium,wheat
94,48,38,22.3,58.45,7.27,190.45,Maharashtra,Rabi,borewell,medium,wheat
97,42,40,21.43,54.15,6.91,274.95,Maharashtra,Rabi,borewell,medium,wheat
81,45,43,21.96,64.06,7.25,232.8,Maharashtra,Rabi,borewell,medium,wheat
91,44,40,21.01,53.65,6.68,226.18,Maharashtra,Rabi,borewell,medium,wheat
83,41,27,22.39,60.92,7.02,281.05,Maharashtra,Rabi,borewell,medium,wheat
106,44,37,20.42,58.66,6.96,238.27,Maharashtra,Rabi,borewell,medium,wheat
100,42,42,20.62,56.58,6.74,210.98,Maharashtra,Rabi,borewell,medium,wheat
113,39,39,20.24,48.01,7.15,201.46,Maharashtra,Rabi,borewell,medium,wheat
98,47,38,21.55,53.17,7.19,213.68,Maharashtra,Rabi,borewell,medium,wheat
78,46,42,23.47,64.82,7.21,237.13,Maharashtra,Rabi,borewell,medium,wheat
104,39,31,20.2,61.4,6.82,235.52,Maharashtra,Rabi,borewell,medium,wheat
100,44,32,21.57,54.88,7.45,257.9,Maharashtra,Rabi,borewell,medium,wheat
92,50,39,18.21,56.2,7.44,192.67,Maharashtra,Rabi,borewell,medium,wheat
94,37,32,19.61,51.79,6.84,277.94,Maharashtra,Rabi,borewell,medium,wheat
95,46,42,19.15,53.31,7.2,198.86,Maharashtra,Rabi,borewell,medium,wheat
101,49,31,20.41,55.74,6.86,199.73,Maharashtra,Rabi,borewell,medium,wheat
91,42,38,22.59,56.4,7.3,200.27,Maharashtra,Rabi,borewell,medium,wheat
85,41,39,22.43,62.1,7.08,245.1,Maharashtra,Rabi,borewell,medium,wheat
106,39,37,25.62,59.78,7.14,249.79,Maharashtra,Rabi,borewell,medium,wheat
84,40,33,21.7,55.09,7.03,209.63,Maharashtra,Rabi,borewell,medium,wheat
81,46,30,19.79,51.46,6.77,226.73,Maharashtra,Rabi,borewell,medium,wheat
105,36,35,18.08,54.18,7.02,245.57,Maharashtra,Rabi,borewell,medium,wheat
77,45,33,18.97,56.76,7.17,216.65,Maharashtra,Rabi,borewell,medium,wheat
86,42,34,22.01,60.62,7.27,219.34,Maharashtra,Rabi,borewell,medium,wheat
104,38,45,19.29,48.72,7.36,196.33,Maharashtra,Rabi,borewell,medium,wheat
96,38,47,24.04,62.43,7.02,252.69,Maharashtra,Rabi,borewell,medium,wheat
95,47,36,23.64,54.73,6.91,204.45,Maharashtra,Rabi,borewell,medium,wheat
97,41,40,20.2,59.53,7.4,222.58,Maharashtra,Rabi,borewell,medium,wheat
113,47,46,20.9,50.13,6.81,199.86,Maharashtra,Rabi,borewell,medium,wheat
87,33,42,17.9,60.06,7.58,194.06,Maharashtra,Rabi,borewell,medium,wheat
98,41,41,19.01,55.99,7.3,218.37,Maharashtra,Rabi,borewell,medium,wheat
81,48,32,21.13,58.73,7.03,304.58,Maharashtra,Rabi,borewell,medium,wheat
101,42,40,21.35,56.67,7.07,205.53,Maharashtra,Rabi,borewell,medium,wheat
97,40,30,22.9,54.33,7.04,194.65,Maharashtra,Rabi,borewell,medium,wheat
89,38,41,22.98,56.6,6.86,163.56,Maharashtra,Rabi,borewell,medium,wheat
102,40,33,21.05,55.22,6.6,173.98,Maharashtra,Rabi,borewell,medium,wheat
98,40,40,21.24,60.52,6.78,227.76,Maharashtra,Rabi,borewell,medium,wheat
100,40,42,18.22,53.31,6.55,195.47,Maharashtra,Rabi,borewell,medium,wheat
94,46,37,20.01,50.56,6.68,230.34,Maharashtra,Rabi,borewell,medium,wheat
102,41,43,19.42,55.0,6.92,270.98,Maharashtra,Rabi,borewell,medium,wheat
96,35,41,24.08,55.54,6.76,248.81,Maharashtra,Rabi,borewell,medium,wheat
111,46,31,22.26,58.05,6.75,262.96,Maharashtra,Rabi,borewell,medium,wheat
99,48,33,21.66,53.07,7.07,269.24,Maharashtra,Rabi,borewell,medium,wheat
83,37,41,20.98,60.99,6.78,221.71,Maharashtra,Rabi,borewell,medium,wheat
101,43,30,25.7,57.31,6.64,230.47,Maharashtra,Rabi,borewell,medium,wheat
99,47,41,20.64,49.9,7.12,165.25,Maharashtra,Rabi,borewell,medium,wheat
105,39,40,19.91,54.61,6.79,243.87,Maharashtra,Rabi,borewell,medium,wheat
90,46,35,20.61,56.64,7.04,189.19,Maharashtra,Rabi,borewell,medium,wheat
101,41,40,20.97,58.75,6.89,193.68,Maharashtra,Rabi,borewell,medium,wheat
99,40,44,21.11,51.23,6.84,186.69,Maharashtra,Rabi,borewell,medium,wheat
104,46,37,21.48,56.16,7.23,237.33,Maharashtra,Rabi,borewell,medium,wheat
101,42,35,22.11,62.45,7.29,272.72,Maharashtra,Rabi,borewell,medium,wheat
96,38,34,23.3,49.36,7.4,193.75,Maharashtra,Rabi,borewell,medium,wheat
111,42,41,24.98,55.23,6.91,196.84,Maharashtra,Rabi,borewell,medium,wheat
87,41,35,18.92,55.69,7.12,190.14,Maharashtra,Rabi,borewell,medium,wheat
94,48,32,24.22,53.92,7.05,262.64,Maharashtra,Rabi,borewell,medium,wheat
108,44,35,19.7,54.3,7.5,207.23,Maharashtra,Rabi,borewell,medium,wheat
98,38,33,21.04,55.26,6.93,170.7,Maharashtra,Rabi,borewell,medium,wheat
94,49,34,22.5,45.0,6.79,156.32,Maharashtra,Rabi,borewell,medium,wheat
105,46,33,21.48,61.11,7.36,206.47,Maharashtra,Rabi,borewell,medium,wheat
77,39,41,24.5,56.29,6.84,299.98,Maharashtra,Rabi,borewell,medium,wheat
98,37,37,22.67,56.23,7.21,166.5,Maharashtra,Rabi,borewell,medium,wheat
83,39,36,21.56,58.94,7.66,195.38,Maharashtra,Rabi,borewell,medium,wheat
92,40,42,22.89,54.78,7.55,196.37,Maharashtra,Rabi,borewell,medium,wheat
104,49,32,21.96,46.05,7.22,183.28,Maharashtra,Rabi,borewell,medium,wheat
100,46,42,22.48,56.71,6.9,217.52,Maharashtra,Rabi,borewell,medium,wheat
86,42,36,19.69,49.83,6.66,120.0,Maharashtra,Rabi,borewell,medium,wheat
92,44,26,21.39,56.03,6.69,205.63,Maharashtra,Rabi,borewell,medium,wheat
104,38,38,21.58,53.35,7.27,233.46,Maharashtra,Rabi,borewell,medium,wheat
93,52,42,18.19,55.01,7.66,187.26,Maharashtra,Rabi,borewell,medium,wheat
96,48,40,22.33,59.33,7.01,193.59,Maharashtra,Rabi,borewell,medium,wheat
99,41,35,23.47,55.04,7.45,228.56,Maharashtra,Rabi,borewell,medium,wheat
94,35,46,20.99,47.8,7.26,218.33,Maharashtra,Rabi,borewell,medium,wheat
87,46,27,19.81,55.35,7.23,294.68,Maharashtra,Rabi,borewell,medium,wheat
93,44,49,21.01,58.29,6.67,285.31,Maharashtra,Rabi,borewell,medium,wheat
89,44,39,21.14,54.84,7.06,278.58,Maharashtra,Rabi,borewell,medium,wheat
114,42,36,19.65,66.8,7.03,257.17,Maharashtra,Rabi,borewell,medium,wheat
101,52,36,19.15,63.63,7.24,235.21,Maharashtra,Rabi,borewell,medium,wheat
108,45,44,21.41,59.96,7.14,209.16,Maharashtra,Rabi,borewell,medium,wheat
93,41,39,20.24,58.17,7.11,226.84,Maharashtra,Rabi,borewell,medium,wheat
97,40,36,18.22,56.04,6.74,223.33,Maharashtra,Rabi,borewell,medium,wheat
89,34,47,20.61,62.05,6.86,276.6,Maharashtra,Rabi,borewell,medium,wheat
85,43,33,25.33,55.54,7.22,235.02,Maharashtra,Rabi,borewell,medium,wheat
95,45,43,22.11,57.12,7.14,283.83,Maharashtra,Rabi,borewell,medium,wheat
92,35,33,19.3,53.12,6.77,219.21,Maharashtra,Rabi,borewell,medium,wheat
97,43,34,22.66,58.55,7.42,248.23,Maharashtra,Rabi,borewell,medium,wheat
92,48,39,22.33,59.26,6.97,223.44,Maharashtra,Rabi,borewell,medium,wheat
94,39,29,19.84,57.26,7.29,246.53,Maharashtra,Rabi,borewell,medium,wheat
93,40,37,19.37,48.39,6.59,265.82,Maharashtra,Rabi,borewell,medium,wheat
110,46,37,18.68,55.88,7.16,247.66,Maharashtra,Rabi,borewell,medium,wheat
101,48,46,20.32,67.25,6.46,194.06,Maharashtra,Rabi,borewell,medium,wheat
97,45,37,20.17,64.94,6.86,186.02,Maharashtra,Rabi,borewell,medium,wheat
109,46,42,21.33,51.23,7.02,169.54,Maharashtra,Rabi,borewell,medium,wheat
97,45,42,20.85,59.37,6.76,252.22,Maharashtra,Rabi,borewell,medium,wheat
101,39,40,22.82,56.8,6.78,225.93,Maharashtra,Rabi,borewell,medium,wheat
100,39,33,21.87,59.66,7.57,242.19,Maharashtra,Rabi,borewell,medium,wheat
85,51,42,17.66,52.55,6.87,247.94,Maharashtra,Rabi,borewell,medium,wheat
75,42,41,16.28,59.36,7.23,191.78,Maharashtra,Rabi,borewell,medium,wheat
85,39,26,20.46,57.34,6.67,252.4,Maharashtra,Rabi,borewell,medium,wheat
96,44,36,22.24,61.45,6.89,245.37,Maharashtra,Rabi,borewell,medium,wheat
101,44,44,19.79,54.88,6.79,244.17,Maharashtra,Rabi,borewell,medium,wheat
93,40,44,24.02,55.24,6.64,282.12,Maharashtra,Rabi,borewell,medium,wheat
99,44,38,19.67,54.92,7.18,205.08,Maharashtra,Rabi,borewell,medium,wheat
99,43,33,23.7,58.78,7.09,238.5,Maharashtra,Rabi,borewell,medium,wheat
80,40,31,21.21,57.75,7.04,259.29,Maharashtra,Rabi,borewell,medium,wheat
83,39,39,21.44,51.46,7.32,271.44,Maharashtra,Rabi,borewell,medium,wheat
99,36,38,21.57,55.46,7.36,216.14,Maharashtra,Rabi,borewell,medium,wheat
113,46,39,22.53,62.37,7.24,217.47,Maharashtra,Rabi,borewell,medium,wheat
90,38,27,21.29,55.01,6.91,254.3,Maharashtra,Rabi,borewell,medium,wheat
94,50,35,19.38,51.68,7.19,258.38,Maharashtra,Rabi,borewell,medium,wheat
90,38,44,18.58,60.37,6.85,233.24,Maharashtra,Rabi,borewell,medium,wheat
104,44,36,23.33,57.61,7.8,163.16,Maharashtra,Rabi,borewell,medium,wheat
81,47,37,22.32,52.29,7.01,235.24,Maharashtra,Rabi,borewell,medium,wheat
90,43,32,21.66,62.04,6.67,176.73,Maharashtra,Rabi,borewell,medium,wheat
105,37,41,21.09,54.9,7.39,250.94,Maharashtra,Rabi,borewell,medium,wheat
97,34,40,19.22,55.65,7.0,283.24,Maharashtra,Rabi,borewell,medium,wheat
93,37,44,22.21,59.42,7.4,277.44,Maharashtra,Rabi,borewell,medium,wheat
88,37,41,20.56,55.84,6.7,239.46,Maharashtra,Rabi,borewell,medium,wheat
98,42,32,23.02,57.48,7.3,149.9,Maharashtra,Rabi,borewell,medium,wheat
95,40,38,22.57,57.92,7.0,220.43,Maharashtra,Rabi,borewell,medium,wheat
82,39,42,20.16,60.87,7.22,249.31,Maharashtra,Rabi,borewell,medium,wheat
98,41,37,22.07,48.35,7.33,203.33,Maharashtra,Rabi,borewell,medium,wheat
94,42,37,18.81,57.08,7.16,151.85,Maharashtra,Rabi,borewell,medium,wheat
84,46,40,21.5,53.89,7.19,179.9,Maharashtra,Rabi,borewell,medium,wheat
94,37,37,19.28,59.4,7.12,200.98,Maharashtra,Rabi,borewell,medium,wheat
104,39,37,19.98,59.35,7.17,263.4,Maharashtra,Rabi,borewell,medium,wheat
96,30,36,23.61,55.25,6.49,234.98,Maharashtra,Rabi,borewell,medium,wheat
99,39,36,19.59,58.5,7.02,181.14,Maharashtra,Rabi,borewell,medium,wheat
95,39,44,22.49,56.03,7.02,253.79,Maharashtra,Rabi,borewell,medium,wheat
94,46,44,20.18,62.81,7.36,228.29,Maharashtra,Rabi,borewell,medium,wheat
91,43,36,19.68,58.54,6.73,208.71,Maharashtra,Rabi,borewell,medium,wheat
92,37,40,20.62,61.48,6.93,206.45,Maharashtra,Rabi,borewell,medium,wheat
87,43,38,22.24,56.76,7.56,235.21,Maharashtra,Rabi,borewell,medium,wheat
87,38,40,19.3,58.78,7.24,250.66,Maharashtra,Rabi,borewell,medium,wheat
88,46,39,19.99,55.89,7.13,197.57,Maharashtra,Rabi,borewell,medium,wheat
98,49,42,21.14,57.4,6.86,203.0,Maharashtra,Rabi,borewell,medium,wheat
82,44,40,20.88,53.14,7.02,264.73,Maharashtra,Rabi,borewell,medium,wheat
102,42,46,25.5,54.66,6.93,243.11,Maharashtra,Rabi,borewell,medium,wheat
87,46,38,21.62,54.29,6.79,153.82,Maharashtra,Rabi,borewell,medium,wheat
107,46,40,21.58,47.67,6.8,211.46,Maharashtra,Rabi,borewell,medium,wheat
86,35,33,21.08,56.69,7.24,288.77,Maharashtra,Rabi,borewell,medium,wheat
101,42,45,18.36,48.53,6.76,247.07,Maharashtra,Rabi,borewell,medium,wheat
96,38,34,18.93,51.74,7.41,215.22,Maharashtra,Rabi,borewell,medium,wheat
110,39,40,21.38,59.87,7.07,252.84,Maharashtra,Rabi,borewell,medium,wheat
100,38,41,20.83,53.52,7.19,250.72,Maharashtra,Rabi,borewell,medium,wheat
91,41,32,17.99,55.57,7.21,200.89,Maharashtra,Rabi,borewell,medium,wheat
107,42,37,20.52,60.26,6.74,215.7,Maharashtra,Rabi,borewell,medium,wheat
90,40,38,20.81,60.53,7.0,238.5,Maharashtra,Rabi,borewell,medium,wheat
96,48,36,20.5,59.36,6.92,236.61,Maharashtra,Rabi,borewell,medium,wheat
114,38,44,20.18,61.63,7.18,240.01,Maharashtra,Rabi,borewell,medium,wheat
94,41,34,21.01,55.8,7.05,172.98,Maharashtra,Rabi,borewell,medium,wheat
95,48,41,21.04,66.32,6.85,217.11,Maharashtra,Rabi,borewell,medium,wheat
83,41,45,20.39,50.64,7.23,232.97,Maharashtra,Rabi,borewell,medium,wheat
102,41,33,20.69,58.63,6.98,232.93,Maharashtra,Rabi,borewell,medium,wheat
91,44,37,19.82,57.04,6.9,240.57,Maharashtra,Rabi,borewell,medium,wheat
102,45,31,19.39,54.06,6.79,201.91,Maharashtra,Rabi,borewell,medium,wheat
103,45,36,21.99,57.76,6.99,258.27,Maharashtra,Rabi,borewell,medium,wheat
89,43,33,19.33,51.28,6.74,222.77,Maharashtra,Rabi,borewell,medium,wheat
92,41,36,23.95,52.14,6.67,191.82,Maharashtra,Rabi,borewell,medium,wheat
94,45,40,22.57,56.09,6.89,274.45,Maharashtra,Rabi,borewell,medium,wheat
72,43,39,24.12,50.13,6.89,174.75,Maharashtra,Rabi,borewell,medium,wheat
80,42,41,23.01,54.46,7.18,213.41,Maharashtra,Rabi,borewell,medium,wheat
100,47,37,22.79,51.85,7.18,254.46,Maharashtra,Rabi,borewell,medium,wheat
103,38,37,21.5,58.2,7.03,267.64,Maharashtra,Rabi,borewell,medium,wheat
84,41,30,22.04,58.63,7.8,254.21,Maharashtra,Rabi,borewell,medium,wheat
98,44,36,21.22,57.56,6.48,226.56,Maharashtra,Rabi,borewell,medium,wheat
96,50,37,19.72,57.53,7.02,215.65,Maharashtra,Rabi,borewell,medium,wheat
84,42,35,20.64,59.31,6.82,212.63,Maharashtra,Rabi,borewell,medium,wheat
100,41,48,21.41,51.74,6.78,188.67,Maharashtra,Rabi,borewell,medium,wheat
88,45,33,20.45,60.88,6.86,242.38,Maharashtra,Rabi,borewell,medium,wheat
81,41,34,21.5,52.53,7.55,165.35,Maharashtra,Rabi,borewell,medium,wheat
104,46,39,21.09,63.61,7.66,213.09,Maharashtra,Rabi,borewell,medium,wheat
96,40,33,21.77,57.46,6.57,235.2,Maharashtra,Rabi,borewell,medium,wheat
97,40,35,21.71,62.67,7.11,246.02,Maharashtra,Rabi,borewell,medium,wheat
88,41,40,18.74,57.29,7.13,218.72,Maharashtra,Rabi,borewell,medium,wheat
98,43,35,19.04,56.15,7.35,254.15,Maharashtra,Rabi,borewell,medium,wheat
92,41,36,20.27,57.6,7.28,295.43,Maharashtra,Rabi,borewell,medium,wheat
88,45,40,20.45,52.57,7.07,290.66,Maharashtra,Rabi,borewell,medium,wheat
97,39,37,19.1,56.57,7.18,196.91,Maharashtra,Rabi,borewell,medium,wheat
70,44,35,19.75,53.59,7.11,206.4,Maharashtra,Rabi,borewell,medium,wheat
103,46,36,20.13,56.99,6.96,161.58,Maharashtra,Rabi,borewell,medium,wheat
111,45,36,17.81,55.81,6.84,217.98,Maharashtra,Rabi,borewell,medium,wheat
77,41,36,20.68,55.59,7.01,270.71,Maharashtra,Rabi,borewell,medium,wheat
91,39,30,20.15,51.13,7.26,216.8,Maharashtra,Rabi,borewell,medium,wheat
103,49,34,20.42,61.6,7.05,237.38,Maharashtra,Rabi,borewell,medium,wheat
104,46,39,23.33,56.24,7.14,214.11,Maharashtra,Rabi,borewell,medium,wheat
104,40,30,22.09,52.59,6.7,262.16,Maharashtra,Rabi,borewell,medium,wheat
103,41,25,21.89,59.04,7.14,235.7,Maharashtra,Rabi,borewell,medium,wheat
93,41,33,19.84,57.73,7.09,246.33,Maharashtra,Rabi,borewell,medium,wheat
83,36,36,19.3,57.21,6.65,259.34,Maharashtra,Rabi,borewell,medium,wheat
88,49,40,19.24,64.53,7.07,225.54,Maharashtra,Rabi,borewell,medium,wheat
94,44,40,19.56,55.68,7.03,239.42,Maharashtra,Rabi,borewell,medium,wheat
100,43,35,20.0,51.93,7.16,199.47,Maharashtra,Rabi,borewell,medium,wheat
93,43,38,20.99,53.03,7.07,209.57,Maharashtra,Rabi,borewell,medium,wheat
94,47,40,20.05,55.93,7.43,209.75,Maharashtra,Rabi,borewell,medium,wheat
95,45,38,20.38,53.65,7.0,241.93,Maharashtra,Rabi,borewell,medium,wheat
106,36,45,20.52,60.05,6.8,166.31,Maharashtra,Rabi,borewell,medium,wheat
84,41,40,21.05,55.54,7.3,220.07,Maharashtra,Rabi,borewell,medium,wheat
97,55,37,19.84,58.34,7.2,230.03,Maharashtra,Rabi,borewell,medium,wheat
96,49,43,20.8,54.03,7.11,198.36,Maharashtra,Rabi,borewell,medium,wheat
102,44,49,23.46,52.36,6.86,156.2,Maharashtra,Rabi,borewell,medium,wheat
77,43,33,23.74,60.94,6.93,209.06,Maharashtra,Rabi,borewell,medium,wheat
107,50,34,19.23,55.35,7.11,202.88,Maharashtra,Rabi,borewell,medium,wheat
99,51,32,20.26,51.18,6.78,210.18,Maharashtra,Rabi,borewell,medium,wheat
89,45,38,21.5,55.32,6.94,208.31,Maharashtra,Rabi,borewell,medium,wheat
93,44,29,21.48,53.17,6.91,167.95,Maharashtra,Rabi,borewell,medium,wheat
92,44,39,19.02,58.07,7.3,203.54,Maharashtra,Rabi,borewell,medium,wheat
95,34,34,21.45,60.16,6.84,308.98,Maharashtra,Rabi,borewell,medium,wheat
98,37,43,18.91,57.76,6.75,174.75,Maharashtra,Rabi,borewell,medium,wheat
103,41,45,19.3,50.52,6.87,316.35,Maharashtra,Rabi,borewell,medium,wheat
102,45,40,20.19,66.96,7.12,232.14,Maharashtra,Rabi,borewell,medium,wheat
103,37,34,20.59,60.3,6.65,217.75,Maharashtra,Rabi,borewell,medium,wheat
93,36,35,21.9,50.81,7.38,235.6,Maharashtra,Rabi,borewell,medium,wheat
98,43,33,19.92,57.89,6.83,226.29,Maharashtra,Rabi,borewell,medium,wheat
88,44,40,18.29,56.76,6.59,157.97,Maharashtra,Rabi,borewell,medium,wheat
90,54,41,23.32,58.83,7.05,249.85,Maharashtra,Rabi,borewell,medium,wheat
90,44,42,22.17,61.26,7.05,276.4,Maharashtra,Rabi,borewell,medium,wheat
93,51,40,20.36,51.98,6.78,188.02,Maharashtra,Rabi,borewell,medium,wheat
94,37,43,21.18,56.77,6.69,194.37,Maharashtra,Rabi,borewell,medium,wheat
76,49,32,18.76,61.92,7.1,224.02,Maharashtra,Rabi,borewell,medium,wheat
98,46,38,18.43,59.31,7.11,259.05,Maharashtra,Rabi,borewell,medium,wheat
85,39,39,19.43,47.48,7.05,249.83,Maharashtra,Rabi,borewell,medium,wheat
94,45,39,21.02,57.02,7.36,187.86,Maharashtra,Rabi,borewell,medium,wheat
101,38,34,22.99,51.86,6.94,298.71,Maharashtra,Rabi,borewell,medium,wheat
104,39,35,20.72,61.53,6.73,184.59,Maharashtra,Rabi,borewell,medium,wheat
101,35,34,20.86,56.37,6.64,231.79,Maharashtra,Rabi,borewell,medium,wheat
100,40,44,21.57,52.65,7.43,202.56,Maharashtra,Rabi,borewell,medium,wheat
96,40,40,20.2,54.89,6.96,203.27,Maharashtra,Rabi,borewell,medium,wheat
104,37,37,21.15,56.02,7.26,169.87,Maharashtra,Rabi,borewell,medium,wheat
100,37,35,18.75,55.23,6.85,274.61,Maharashtra,Rabi,borewell,medium,wheat
97,44,33,22.23,62.78,7.23,176.27,Maharashtra,Rabi,borewell,medium,wheat
91,43,35,25.22,54.65,6.99,199.99,Maharashtra,Rabi,borewell,medium,wheat
97,48,38,20.63,52.38,7.32,215.21,Maharashtra,Rabi,borewell,medium,wheat
93,33,37,20.33,49.5,7.26,202.16,Maharashtra,Rabi,borewell,medium,wheat
111,48,35,23.28,62.67,6.85,185.58,Maharashtra,Rabi,borewell,medium,wheat
77,44,33,21.68,54.32,6.79,201.28,Maharashtra,Rabi,borewell,medium,wheat
84,40,34,20.98,56.9,6.71,256.69,Maharashtra,Rabi,borewell,medium,wheat
94,49,39,21.12,54.62,7.16,221.12,Maharashtra,Rabi,borewell,medium,wheat
102,49,34,22.02,58.74,7.12,205.56,Maharashtra,Rabi,borewell,medium,wheat
92,40,35,19.6,56.1,6.8,234.52,Maharashtra,Rabi,borewell,medium,wheat
95,43,36,21.11,55.55,7.21,205.25,Maharashtra,Rabi,borewell,medium,wheat
98,37,40,20.07,53.0,6.7,179.4,Maharashtra,Rabi,borewell,medium,wheat
91,49,35,17.32,57.9,6.7,247.16,Maharashtra,Rabi,borewell,medium,wheat
91,41,42,22.03,51.72,6.71,160.55,Maharashtra,Rabi,borewell,medium,wheat
117,39,42,20.11,52.36,7.01,209.11,Maharashtra,Rabi,borewell,medium,wheat
102,46,35,18.6,51.91,6.39,210.85,Maharashtra,Rabi,borewell,medium,wheat
95,38,32,20.97,54.08,6.94,207.76,Maharashtra,Rabi,borewell,medium,wheat
97,40,35,17.86,56.31,7.02,214.08,Maharashtra,Rabi,borewell,medium,wheat
111,43,37,21.83,64.6,7.07,145.88,Maharashtra,Rabi,borewell,medium,wheat
99,39,29,23.83,62.18,6.76,190.05,Maharashtra,Rabi,borewell,medium,wheat
96,39,37,19.81,54.97,6.63,247.56,Maharashtra,Rabi,borewell,medium,wheat
105,42,37,22.05,56.51,7.46,176.12,Maharashtra,Rabi,borewell,medium,wheat
102,42,33,24.75,65.64,6.94,234.82,Maharashtra,Rabi,borewell,medium,wheat
91,41,33,18.87,63.57,6.99,221.69,Maharashtra,Rabi,borewell,medium,wheat
88,43,31,19.71,51.9,7.34,164.94,Maharashtra,Rabi,borewell,medium,wheat
85,34,34,20.23,60.25,6.94,206.31,Maharashtra,Rabi,borewell,medium,wheat
97,41,48,20.01,58.09,7.22,199.34,Maharashtra,Rabi,borewell,medium,wheat
96,40,39,21.17,55.96,6.69,282.12,Maharashtra,Rabi,borewell,medium,wheat
100,36,36,18.38,59.42,6.99,220.14,Maharashtra,Rabi,borewell,medium,wheat
88,41,41,22.76,59.74,6.59,213.8,Maharashtra,Rabi,borewell,medium,wheat
97,39,31,18.86,62.25,6.68,221.59,Maharashtra,Rabi,borewell,medium,wheat
94,42,36,22.32,56.64,6.83,221.71,Maharashtra,Rabi,borewell,medium,wheat
84,44,35,19.96,58.47,6.89,208.3,Maharashtra,Rabi,borewell,medium,wheat
105,38,40,22.58,60.97,7.58,198.6,Maharashtra,Rabi,borewell,medium,wheat
88,46,41,19.68,58.36,7.73,223.49,Maharashtra,Rabi,borewell,medium,wheat
103,49,48,21.41,61.3,6.79,220.83,Maharashtra,Rabi,borewell,medium,wheat
91,35,31,21.72,58.22,6.72,271.91,Maharashtra,Rabi,borewell,medium,wheat
86,44,36,21.18,59.94,7.2,243.59,Maharashtra,Rabi,borewell,medium,wheat
100,37,42,19.23,56.09,6.91,231.67,Maharashtra,Rabi,borewell,medium,wheat
91,42,44,18.84,56.49,6.7,242.48,Maharashtra,Rabi,borewell,medium,wheat
89,43,32,23.15,56.78,7.04,247.64,Maharashtra,Rabi,borewell,medium,wheat
85,40,38,18.06,50.16,6.78,181.97,Maharashtra,Rabi,borewell,medium,wheat
92,45,41,24.02,56.41,7.04,219.17,Maharashtra,Rabi,borewell,medium,wheat
98,44,41,22.53,58.49,7.4,220.89,Maharashtra,Rabi,borewell,medium,wheat
90,41,37,19.19,54.15,6.7,231.47,Maharashtra,Rabi,borewell,medium,wheat
98,35,35,24.04,58.91,7.12,197.86,Maharashtra,Rabi,borewell,medium,wheat
97,42,34,20.18,54.69,6.6,175.88,Maharashtra,Rabi,borewell,medium,wheat
93,39,36,18.32,59.57,7.55,254.25,Maharashtra,Rabi,borewell,medium,wheat
104,45,39,21.14,52.99,7.18,241.02,Maharashtra,Rabi,borewell,medium,wheat
91,45,35,19.95,59.47,7.11,212.27,Maharashtra,Rabi,borewell,medium,wheat
92,43,30,19.74,51.65,7.0,256.29,Maharashtra,Rabi,borewell,medium,wheat
99,40,35,19.74,64.17,7.02,226.66,Maharashtra,Rabi,borewell,medium,wheat
77,38,37,20.17,57.01,7.03,240.02,Maharashtra,Rabi,borewell,medium,wheat
79,38,37,19.92,55.31,7.03,195.17,Maharashtra,Rabi,borewell,medium,wheat
97,45,38,22.2,48.17,6.84,249.74,Maharashtra,Rabi,borewell,medium,wheat
88,38,37,20.97,54.45,7.49,229.55,Maharashtra,Rabi,borewell,medium,wheat
87,37,39,19.46,64.75,7.11,238.67,Maharashtra,Rabi,borewell,medium,wheat
97,47,28,18.99,60.46,7.4,178.82,Maharashtra,Rabi,borewell,medium,wheat
80,43,40,21.25,56.27,6.51,207.5,Maharashtra,Rabi,borewell,medium,wheat
93,40,30,21.97,59.82,6.79,213.8,Maharashtra,Rabi,borewell,medium,wheat
91,40,40,21.86,60.62,7.28,214.27,Maharashtra,Rabi,borewell,medium,wheat
119,49,35,21.21,48.89,7.01,275.79,Maharashtra,Rabi,borewell,medium,wheat
118,42,39,22.01,64.09,6.74,308.52,Maharashtra,Rabi,borewell,medium,wheat
92,38,36,19.65,58.11,6.56,224.72,Maharashtra,Rabi,borewell,medium,wheat
101,49,40,23.37,54.18,7.11,145.69,Maharashtra,Rabi,borewell,medium,wheat
94,44,39,18.38,55.0,6.93,205.7,Maharashtra,Rabi,borewell,medium,wheat
101,42,38,20.18,60.58,7.3,209.72,Maharashtra,Rabi,borewell,medium,wheat
119,39,42,19.41,59.46,7.19,186.28,Maharashtra,Rabi,borewell,medium,wheat
94,50,34,21.67,57.79,6.99,162.3,Maharashtra,Rabi,borewell,medium,wheat
102,43,42,21.39,56.75,7.1,187.08,Maharashtra,Rabi,borewell,medium,wheat
108,41,36,23.15,57.45,6.94,233.79,Maharashtra,Rabi,borewell,medium,wheat
100,42,41,18.88,57.5,7.21,240.73,Maharashtra,Rabi,borewell,medium,wheat
76,42,32,23.14,55.0,7.31,179.43,Maharashtra,Rabi,borewell,medium,wheat
98,43,49,22.96,60.77,7.54,229.46,Maharashtra,Rabi,borewell,medium,wheat
94,42,39,16.38,56.51,7.06,214.8,Maharashtra,Rabi,borewell,medium,wheat
82,42,31,23.96,55.51,6.45,213.12,Maharashtra,Rabi,borewell,medium,wheat
102,43,34,19.87,55.4,6.88,178.01,Maharashtra,Rabi,borewell,medium,wheat
94,37,41,22.79,52.65,6.81,205.9,Maharashtra,Rabi,borewell,medium,wheat
95,44,39,21.73,62.46,7.02,176.58,Maharashtra,Rabi,borewell,medium,wheat
82,49,40,21.34,58.22,7.04,234.44,Maharashtra,Rabi,borewell,medium,wheat
92,47,35,19.49,50.02,6.94,262.25,Maharashtra,Rabi,borewell,medium,wheat
91,37,39,19.91,62.44,7.29,177.64,Maharashtra,Rabi,borewell,medium,wheat
94,39,33,20.91,59.64,6.98,202.79,Maharashtra,Rabi,borewell,medium,wheat
77,40,40,18.76,61.42,6.84,226.46,Maharashtra,Rabi,borewell,medium,wheat
92,38,39,20.0,53.31,6.37,263.42,Maharashtra,Rabi,borewell,medium,wheat
95,47,40,22.84,54.34,6.63,245.42,Maharashtra,Rabi,borewell,medium,wheat
96,41,41,21.51,58.95,6.73,252.59,Maharashtra,Rabi,borewell,medium,wheat
95,47,42,22.14,56.07,7.19,257.03,Maharashtra,Rabi,borewell,medium,wheat
100,43,40,20.12,62.3,6.55,221.15,Maharashtra,Rabi,borewell,medium,wheat
92,40,39,19.12,64.75,6.64,188.29,Maharashtra,Rabi,borewell,medium,wheat
86,43,42,21.88,62.14,6.78,241.96,Maharashtra,Rabi,borewell,medium,wheat
92,43,42,18.18,64.13,6.96,166.45,Maharashtra,Rabi,borewell,medium,wheat
89,43,35,17.59,56.87,6.81,241.7,Maharashtra,Rabi,borewell,medium,wheat
86,52,40,21.33,58.89,6.51,203.43,Maharashtra,Rabi,borewell,medium,wheat
110,41,37,20.22,62.11,6.93,178.27,Maharashtra,Rabi,borewell,medium,wheat
116,37,37,19.6,53.81,6.72,202.0,Maharashtra,Rabi,borewell,medium,wheat
103,35,43,22.81,58.45,7.03,229.22,Maharashtra,Rabi,borewell,medium,wheat
107,35,41,19.76,59.67,6.84,243.56,Maharashtra,Rabi,borewell,medium,wheat
82,35,37,23.39,58.56,7.14,248.67,Maharashtra,Rabi,borewell,medium,wheat
92,45,35,20.48,55.77,6.85,217.8,Maharashtra,Rabi,borewell,medium,wheat
93,40,37,21.26,52.28,7.11,203.54,Maharashtra,Rabi,borewell,medium,wheat
97,40,42,22.59,52.48,7.14,268.21,Maharashtra,Rabi,borewell,medium,wheat
87,39,41,18.82,53.52,6.73,244.92,Maharashtra,Rabi,borewell,medium,wheat
89,41,34,22.91,53.21,6.62,171.77,Maharashtra,Rabi,borewell,medium,wheat
101,46,43,18.9,55.61,7.65,209.92,Maharashtra,Rabi,borewell,medium,wheat
90,42,40,21.86,54.14,6.84,210.12,Maharashtra,Rabi,borewell,medium,wheat
89,37,45,20.32,55.16,6.91,217.32,Maharashtra,Rabi,borewell,medium,wheat
99,41,42,22.0,55.77,6.82,256.16,Maharashtra,Rabi,borewell,medium,wheat
94,37,42,19.79,59.83,6.33,207.71,Maharashtra,Rabi,borewell,medium,wheat
105,43,40,19.5,57.83,7.0,228.11,Maharashtra,Rabi,borewell,medium,wheat
112,48,41,22.34,53.01,6.87,168.91,Maharashtra,Rabi,borewell,medium,wheat
84,39,37,18.96,56.35,6.96,182.19,Maharashtra,Rabi,borewell,medium,wheat
108,37,42,17.24,55.95,6.68,198.18,Maharashtra,Rabi,borewell,medium,wheat
110,41,33,21.81,55.14,7.04,189.52,Maharashtra,Rabi,borewell,medium,wheat
88,39,41,20.62,52.48,7.04,222.65,Maharashtra,Rabi,borewell,medium,wheat
100,40,37,21.7,52.63,7.24,220.55,Maharashtra,Rabi,borewell,medium,wheat
86,38,37,20.08,59.39,6.92,230.1,Maharashtra,Rabi,borewell,medium,wheat
88,42,43,20.75,54.38,6.77,219.37,Maharashtra,Rabi,borewell,medium,wheat
107,37,37,18.14,54.93,7.07,167.32,Maharashtra,Rabi,borewell,medium,wheat
91,44,38,21.56,52.76,7.08,200.0,Maharashtra,Rabi,borewell,medium,wheat
101,33,36,21.16,61.67,7.02,226.28,Maharashtra,Rabi,borewell,medium,wheat
98,48,36,18.66,50.39,7.18,227.44,Maharashtra,Rabi,borewell,medium,wheat
93,40,38,21.35,58.34,6.7,161.19,Maharashtra,Rabi,borewell,medium,wheat
87,37,32,23.62,47.81,7.13,250.23,Maharashtra,Rabi,borewell,medium,wheat
103,44,43,23.97,55.34,7.12,262.53,Maharashtra,Rabi,borewell,medium,wheat
88,41,35,21.77,49.22,7.38,237.79,Maharashtra,Rabi,borewell,medium,wheat
100,33,33,23.48,55.82,6.54,227.39,Maharashtra,Rabi,borewell,medium,wheat
101,45,37,22.89,53.81,7.14,224.5,Maharashtra,Rabi,borewell,medium,wheat
94,41,36,21.05,55.38,7.2,202.13,Maharashtra,Rabi,borewell,medium,wheat
108,40,41,22.61,57.14,7.02,195.7,Maharashtra,Rabi,borewell,medium,wheat
91,43,37,22.97,54.76,6.89,164.51,Maharashtra,Rabi,borewell,medium,wheat
100,45,42,22.72,59.52,7.22,240.34,Maharashtra,Rabi,borewell,medium,wheat
101,35,33,18.89,61.37,6.79,199.24,Maharashtra,Rabi,borewell,medium,wheat
95,37,39,17.45,51.99,7.05,178.61,Maharashtra,Rabi,borewell,medium,wheat
106,43,42,21.6,56.45,6.73,250.97,Maharashtra,Rabi,borewell,medium,wheat
99,51,41,20.34,57.61,7.11,258.77,Maharashtra,Rabi,borewell,medium,wheat
106,42,32,17.91,52.13,6.84,270.14,Maharashtra,Rabi,borewell,medium,wheat
108,47,43,19.82,50.69,6.73,152.17,Maharashtra,Rabi,borewell,medium,wheat
86,40,38,21.23,53.86,7.15,197.65,Maharashtra,Rabi,borewell,medium,wheat
95,38,42,21.03,59.1,6.68,225.81,Maharashtra,Rabi,borewell,medium,wheat
100,34,42,18.92,57.31,7.48,251.83,Maharashtra,Rabi,borewell,medium,wheat
83,42,43,19.64,55.12,6.9,239.0,Maharashtra,Rabi,borewell,medium,wheat
82,45,35,20.98,55.64,7.16,219.3,Maharashtra,Rabi,borewell,medium,wheat
107,47,34,23.28,57.72,7.05,248.27,Maharashtra,Rabi,borewell,medium,wheat
86,37,38,19.99,64.45,6.8,221.34,Maharashtra,Rabi,borewell,medium,wheat
97,48,33,18.31,61.85,7.02,246.99,Maharashtra,Rabi,borewell,medium,wheat
102,47,36,19.92,48.85,6.73,222.07,Maharashtra,Rabi,borewell,medium,wheat
89,38,38,23.24,56.29,6.7,262.41,Maharashtra,Rabi,borewell,medium,wheat
89,49,36,21.17,62.48,6.64,185.0,Maharashtra,Rabi,borewell,medium,wheat
92,42,49,19.52,51.5,6.75,227.74,Maharashtra,Rabi,borewell,medium,wheat
99,40,38,24.24,56.63,7.09,282.97,Maharashtra,Rabi,borewell,medium,wheat
89,39,36,20.12,49.52,7.04,227.23,Maharashtra,Rabi,borewell,medium,wheat
93,44,39,18.81,57.61,7.15,166.76,Maharashtra,Rabi,borewell,medium,wheat
107,37,33,21.34,58.55,7.21,238.7,Maharashtra,Rabi,borewell,medium,wheat
91,43,36,21.29,56.76,6.87,208.43,Maharashtra,Rabi,borewell,medium,wheat
80,46,39,17.16,59.54,6.99,188.77,Maharashtra,Rabi,borewell,medium,wheat
86,40,34,19.67,63.02,7.1,287.87,Maharashtra,Rabi,borewell,medium,wheat
97,45,34,20.72,56.19,7.17,218.35,Maharashtra,Rabi,borewell,medium,wheat
98,44,36,20.32,53.94,7.29,209.92,Maharashtra,Rabi,borewell,medium,wheat
98,42,42,17.69,57.66,6.67,233.02,Maharashtra,Rabi,borewell,medium,wheat
94,36,39,21.37,55.61,6.97,225.38,Maharashtra,Rabi,borewell,medium,wheat
105,41,42,20.94,61.47,6.94,197.79,Maharashtra,Rabi,borewell,medium,wheat
86,42,34,23.34,53.16,6.82,239.37,Maharashtra,Rabi,borewell,medium,wheat
105,46,42,20.87,56.25,7.54,276.34,Maharashtra,Rabi,borewell,medium,wheat
101,47,41,18.99,56.35,7.4,244.01,Maharashtra,Rabi,borewell,medium,wheat
94,49,39,22.26,57.94,7.14,240.42,Maharashtra,Rabi,borewell,medium,wheat
106,48,36,21.59,61.37,6.96,176.37,Maharashtra,Rabi,borewell,medium,wheat
87,39,36,19.76,60.44,6.93,262.04,Maharashtra,Rabi,borewell,medium,wheat
86,41,38,22.35,60.88,6.86,253.11,Maharashtra,Rabi,borewell,medium,wheat
81,46,32,21.74,60.83,7.24,165.36,Maharashtra,Rabi,borewell,medium,wheat
91,45,40,21.46,48.06,7.32,265.88,Maharashtra,Rabi,borewell,medium,wheat
96,43,40,23.43,57.46,6.95,232.72,Maharashtra,Rabi,borewell,medium,wheat
95,43,30,21.87,60.99,7.27,251.7,Maharashtra,Rabi,borewell,medium,wheat
95,43,42,22.45,62.2,6.82,197.37,Maharashtra,Rabi,borewell,medium,wheat
92,39,32,21.78,58.04,7.07,231.79,Maharashtra,Rabi,borewell,medium,wheat
83,40,36,21.08,50.9,6.75,205.45,Maharashtra,Rabi,borewell,medium,wheat
104,44,42,20.8,56.5,7.13,214.09,Maharashtra,Rabi,borewell,medium,wheat
90,36,35,22.39,61.33,6.79,162.21,Maharashtra,Rabi,borewell,medium,wheat
103,43,32,16.0,52.81,6.88,181.61,Maharashtra,Rabi,borewell,medium,wheat
101,39,38,24.96,56.95,6.97,216.9,Maharashtra,Rabi,borewell,medium,wheat
101,45,33,20.31,53.94,6.92,280.89,Maharashtra,Rabi,borewell,medium,wheat
100,42,43,21.31,50.22,7.44,214.79,Maharashtra,Rabi,borewell,medium,wheat
76,36,42,18.36,61.67,7.02,243.8,Maharashtra,Rabi,borewell,medium,wheat
93,45,39,20.94,52.42,7.1,159.43,Maharashtra,Rabi,borewell,medium,wheat
103,43,39,16.64,52.18,6.87,242.46,Maharashtra,Rabi,borewell,medium,wheat
87,53,36,19.31,55.78,6.75,180.52,Maharashtra,Rabi,borewell,medium,wheat
103,45,40,23.13,58.37,6.72,243.62,Maharashtra,Rabi,borewell,medium,wheat
86,41,37,20.75,49.63,6.74,219.25,Maharashtra,Rabi,borewell,medium,wheat
90,47,43,19.13,56.73,7.42,215.53,Maharashtra,Rabi,borewell,medium,wheat
92,46,36,23.12,54.22,6.87,246.34,Maharashtra,Rabi,borewell,medium,wheat
96,43,30,20.41,59.81,6.79,243.36,Maharashtra,Rabi,borewell,medium,wheat
97,42,43,20.43,55.46,6.94,222.68,Maharashtra,Rabi,borewell,medium,wheat
101,36,41,21.11,58.62,7.64,202.94,Maharashtra,Rabi,borewell,medium,wheat
85,43,39,22.45,54.44,6.78,168.9,Maharashtra,Rabi,borewell,medium,wheat
84,41,37,24.44,50.01,7.09,195.8,Maharashtra,Rabi,borewell,medium,wheat
97,40,42,22.72,56.07,7.38,245.34,Maharashtra,Rabi,borewell,medium,wheat
107,42,41,19.72,53.17,7.58,183.8,Maharashtra,Rabi,borewell,medium,wheat
91,35,34,19.34,53.93,7.08,238.03,Maharashtra,Rabi,borewell,medium,wheat
87,39,42,23.84,61.31,6.56,259.65,Maharashtra,Rabi,borewell,medium,wheat
110,35,42,21.38,55.25,7.03,234.78,Maharashtra,Rabi,borewell,medium,wheat
105,47,31,19.92,56.86,7.42,129.08,Maharashtra,Rabi,borewell,medium,wheat
90,36,32,22.64,54.46,6.38,214.72,Maharashtra,Rabi,borewell,medium,wheat
112,35,40,23.61,56.31,7.51,198.01,Maharashtra,Rabi,borewell,medium,wheat
107,48,37,18.52,52.66,6.37,239.8,Maharashtra,Rabi,borewell,medium,wheat
99,43,37,23.26,57.64,6.85,224.91,Maharashtra,Rabi,borewell,medium,wheat
112,45,36,20.93,58.28,6.89,203.02,Maharashtra,Rabi,borewell,medium,wheat
